Monday, 3 September 2018	10:48:06 AM
Time(s)	SPH-1	SN-1	SC-1	ST-1	SP-1	AVP-1	AR-1	AA-1	AB-1	AB-2	AVS-1	AVS-2	AVS-3
0.000	0.000	120.207	0.533	25.760	127.861	40.000	0.000	0.000	1.000	0.000	0.000	1.000	0.000
1.000	0.000	120.185	0.533	25.765	127.857	40.000	0.000	0.000	1.000	0.000	0.000	1.000	0.000
2.000	0.000	120.189	0.537	25.768	127.864	40.000	0.000	0.000	1.000	0.000	0.000	1.000	0.000
3.000	0.000	120.181	0.538	25.772	127.872	40.000	0.000	0.000	1.000	0.000	0.000	1.000	0.000
4.000	0.000	120.171	0.535	25.780	127.874	40.000	0.000	0.000	1.000	0.000	0.000	1.000	0.000
5.000	0.000	120.183	0.532	25.785	127.871	40.000	0.000	0.000	1.000	0.000	0.000	1.000	0.000
6.000	0.000	120.163	0.533	25.792	127.895	40.000	0.000	0.000	1.000	0.000	0.000	1.000	0.000
7.000	0.000	120.146	0.531	25.804	127.912	39.677	0.000	0.000	1.000	0.000	0.000	1.000	0.000
8.000	0.000	120.126	0.536	25.813	127.906	89.328	0.000	0.000	1.000	0.000	0.000	1.000	0.000
9.000	0.000	120.121	0.532	25.824	127.903	100.000	0.000	0.000	1.000	0.000	0.000	1.000	0.000
10.000	0.000	120.140	0.533	25.828	127.929	100.000	0.000	0.000	1.000	0.000	0.000	1.000	0.000
11.000	0.000	120.130	0.532	25.834	127.929	100.000	0.000	0.000	1.000	0.000	0.000	1.000	0.000
12.000	0.000	120.108	0.532	25.842	127.941	100.000	0.000	0.000	1.000	0.000	0.000	1.000	0.000
13.000	0.000	120.114	0.529	25.848	127.973	100.000	0.000	0.000	1.000	0.000	0.000	1.000	0.000
14.000	0.000	120.099	0.571	25.851	127.993	100.000	0.000	0.000	1.000	0.000	0.000	1.000	0.000
15.000	0.000	120.068	0.591	25.854	127.981	100.000	0.000	0.000	1.000	0.000	0.000	1.000	0.000
16.000	0.000	120.055	0.605	25.861	128.025	100.000	0.000	0.000	1.000	0.000	0.000	1.000	0.000
17.000	0.000	120.056	0.611	25.865	128.054	100.000	0.000	0.000	1.000	0.000	0.000	1.000	0.000
18.000	0.000	120.056	0.609	25.866	128.069	100.000	0.000	0.000	1.000	0.000	0.000	1.000	0.000
19.000	0.000	120.056	0.615	25.868	128.118	100.000	0.000	0.000	1.000	0.000	0.000	1.000	0.000
20.000	0.000	120.061	0.616	25.866	128.159	100.000	0.000	0.000	1.000	0.000	0.000	1.000	0.000
21.000	0.000	120.075	0.617	25.863	128.200	100.000	0.000	0.000	1.000	0.000	0.000	1.000	0.000
22.000	0.000	120.088	0.623	25.861	128.253	100.000	0.000	0.000	1.000	0.000	0.000	1.000	0.000
23.000	0.000	120.107	0.619	25.862	128.303	100.000	0.000	0.000	1.000	0.000	0.000	1.000	0.000
24.000	0.000	120.124	0.617	25.857	128.354	100.000	0.000	0.000	1.000	0.000	0.000	1.000	0.000
25.000	0.000	120.125	0.611	25.858	128.370	100.000	0.000	0.000	1.000	0.000	0.000	1.000	0.000
26.000	0.000	120.122	0.613	25.856	128.383	100.000	0.000	0.000	1.000	0.000	0.000	1.000	0.000
27.000	0.000	120.118	0.608	25.850	128.435	100.000	0.000	0.000	1.000	0.000	0.000	1.000	0.000
28.000	0.000	120.105	0.615	25.845	128.473	100.000	0.000	0.000	1.000	0.000	0.000	1.000	0.000
29.000	0.000	120.107	0.613	25.842	128.499	100.000	0.000	0.000	1.000	0.000	0.000	1.000	0.000
30.000	0.000	120.112	0.618	25.846	128.552	100.000	0.000	0.000	1.000	0.000	0.000	1.000	0.000
31.000	0.000	120.100	0.616	25.849	128.595	100.000	0.000	0.000	1.000	0.000	0.000	1.000	0.000
32.000	0.000	120.108	0.617	25.852	128.623	100.000	0.000	0.000	1.000	0.000	0.000	1.000	0.000
33.000	0.000	120.111	0.613	25.858	128.660	100.000	0.000	0.000	1.000	0.000	0.000	1.000	0.000
34.000	0.000	120.130	0.611	25.870	128.703	100.000	0.000	0.000	1.000	0.000	0.000	1.000	0.000
35.000	0.000	120.137	0.608	25.875	128.740	100.000	0.000	0.000	1.000	0.000	0.000	1.000	0.000
36.000	0.000	120.156	0.613	25.879	128.798	100.000	0.000	0.000	1.000	0.000	0.000	1.000	0.000
37.000	0.000	120.155	0.611	25.881	128.845	100.000	0.000	0.000	1.000	0.000	0.000	1.000	0.000
38.000	0.000	120.171	0.618	25.888	128.899	100.000	0.000	0.000	1.000	0.000	0.000	1.000	0.000
39.000	0.000	120.183	0.619	25.894	128.928	100.000	0.000	0.000	1.000	0.000	0.000	1.000	0.000
40.000	0.000	120.206	0.613	25.900	128.963	100.000	0.000	0.000	1.000	0.000	0.000	1.000	0.000
41.000	0.000	120.222	0.613	25.909	129.026	100.000	0.000	0.000	1.000	0.000	0.000	1.000	0.000
42.000	0.000	120.171	0.613	25.916	129.061	100.000	0.000	0.000	1.000	0.000	0.000	1.000	0.000
43.000	0.000	120.165	0.613	25.923	129.114	100.000	0.000	0.000	1.000	0.000	0.000	1.000	0.000
44.000	0.000	120.176	0.611	25.926	129.169	100.000	0.000	0.000	1.000	0.000	0.000	1.000	0.000
45.000	0.000	120.199	0.612	25.933	129.218	100.000	0.000	0.000	1.000	0.000	0.000	1.000	0.000
46.000	0.000	120.234	0.611	25.945	129.236	100.000	0.000	0.000	1.000	0.000	0.000	1.000	0.000
47.000	0.000	120.255	0.610	25.952	129.274	100.000	0.000	0.000	1.000	0.000	0.000	1.000	0.000
48.000	0.000	120.281	0.609	25.960	129.333	100.000	0.000	0.000	1.000	0.000	0.000	1.000	0.000
49.000	0.000	120.301	0.612	25.963	129.331	100.000	0.000	0.000	1.000	0.000	0.000	1.000	0.000
50.000	0.000	120.298	0.615	25.971	129.370	100.000	0.000	0.000	1.000	0.000	0.000	1.000	0.000
51.000	0.000	120.283	0.616	25.978	129.409	100.000	0.000	0.000	1.000	0.000	0.000	1.000	0.000
52.000	0.000	120.289	0.607	25.988	129.436	100.000	0.000	0.000	1.000	0.000	0.000	1.000	0.000
53.000	0.000	120.311	0.610	25.992	129.468	100.000	0.000	0.000	1.000	0.000	0.000	1.000	0.000
54.000	0.000	120.319	0.616	25.994	129.509	100.000	0.000	0.000	1.000	0.000	0.000	1.000	0.000
55.000	0.000	120.339	0.618	25.997	129.537	100.000	0.000	0.000	1.000	0.000	0.000	1.000	0.000
56.000	0.000	120.336	0.618	25.996	129.583	100.000	0.000	0.000	1.000	0.000	0.000	1.000	0.000
57.000	0.000	120.344	0.618	25.990	129.624	100.000	0.000	0.000	1.000	0.000	0.000	1.000	0.000
58.000	0.000	120.351	0.618	25.989	129.667	100.000	0.000	0.000	1.000	0.000	0.000	1.000	0.000
3606.000	0.000	144.859	0.681	28.153	155.465	29.231	0.000	0.000	1.000	0.000	0.000	1.000	0.000
3607.000	0.000	144.881	0.681	28.154	155.462	29.231	0.000	0.000	1.000	0.000	0.000	1.000	0.000
3608.000	0.000	144.886	0.683	28.157	155.469	29.231	0.000	0.000	1.000	0.000	0.000	1.000	0.000
3610.000	0.000	144.899	0.684	28.157	155.488	29.231	0.000	0.000	1.000	0.000	0.000	1.000	0.000
3615.000	0.000	144.886	0.681	28.168	155.520	29.231	0.000	0.000	1.000	0.000	0.000	1.000	0.000
3620.000	0.000	144.909	0.673	28.167	155.518	29.231	0.000	0.000	1.000	0.000	0.000	1.000	0.000
3625.000	0.000	144.911	0.672	28.174	155.531	29.231	0.000	0.000	1.000	0.000	0.000	1.000	0.000
3630.000	0.000	144.907	0.678	28.179	155.544	29.231	0.000	0.000	1.000	0.000	0.000	1.000	0.000
3635.000	0.000	144.927	0.670	28.171	155.568	29.231	0.000	0.000	1.000	0.000	0.000	1.000	0.000
3640.000	0.000	144.956	0.676	28.173	155.613	29.231	0.000	0.000	1.000	0.000	0.000	1.000	0.000
3645.000	0.000	144.976	0.670	28.184	155.588	29.231	0.000	0.000	1.000	0.000	0.000	1.000	0.000
3650.000	0.000	144.998	0.679	28.185	155.642	29.231	0.000	0.000	1.000	0.000	0.000	1.000	0.000
3655.000	0.000	145.005	0.673	28.188	155.647	29.231	0.000	0.000	1.000	0.000	0.000	1.000	0.000
3660.000	0.000	145.107	0.677	28.193	155.671	29.231	0.000	0.000	1.000	0.000	0.000	1.000	0.000
3665.000	0.000	145.105	0.676	28.197	155.688	29.231	0.000	0.000	1.000	0.000	0.000	1.000	0.000
3670.000	0.000	145.075	0.674	28.199	155.704	29.231	0.000	0.000	1.000	0.000	0.000	1.000	0.000
3675.000	0.000	145.135	0.679	28.206	155.698	29.231	0.000	0.000	1.000	0.000	0.000	1.000	0.000
3680.000	0.000	145.126	0.675	28.211	155.694	29.231	0.000	0.000	1.000	0.000	0.000	1.000	0.000
3685.000	0.000	145.108	0.674	28.209	155.708	29.231	0.000	0.000	1.000	0.000	0.000	1.000	0.000
3690.000	0.000	145.101	0.677	28.216	155.733	29.231	0.000	0.000	1.000	0.000	0.000	1.000	0.000
3695.000	0.000	145.124	0.676	28.217	155.751	29.231	0.000	0.000	1.000	0.000	0.000	1.000	0.000
3700.000	0.000	145.114	0.677	28.210	155.741	29.231	0.000	0.000	1.000	0.000	0.000	1.000	0.000
3705.000	0.000	145.124	0.676	28.214	155.753	29.231	0.000	0.000	1.000	0.000	0.000	1.000	0.000
3710.000	0.000	145.151	0.673	28.213	155.771	29.231	0.000	0.000	1.000	0.000	0.000	1.000	0.000
3715.000	0.000	145.160	0.677	28.217	155.757	29.231	0.000	0.000	1.000	0.000	0.000	1.000	0.000
3720.000	0.000	145.173	0.680	28.225	155.787	29.231	0.000	0.000	1.000	0.000	0.000	1.000	0.000
3725.000	0.000	145.201	0.675	28.218	155.773	29.231	0.000	0.000	1.000	0.000	0.000	1.000	0.000
3730.000	0.000	145.208	0.680	28.224	155.797	29.231	0.000	0.000	1.000	0.000	0.000	1.000	0.000
3735.000	0.000	145.191	0.676	28.226	155.838	29.231	0.000	0.000	1.000	0.000	0.000	1.000	0.000
3740.000	0.000	145.218	0.675	28.232	155.871	29.231	0.000	0.000	1.000	0.000	0.000	1.000	0.000
3745.000	0.000	145.260	0.680	28.237	155.839	29.231	0.000	0.000	1.000	0.000	0.000	1.000	0.000
3750.000	0.000	145.272	0.680	28.237	155.856	29.231	0.000	0.000	1.000	0.000	0.000	1.000	0.000
3755.000	0.000	145.271	0.677	28.245	155.904	29.231	0.000	0.000	1.000	0.000	0.000	1.000	0.000
3760.000	0.000	145.300	0.680	28.245	155.883	29.231	0.000	0.000	1.000	0.000	0.000	1.000	0.000
3765.000	0.000	145.286	0.680	28.248	155.906	29.231	0.000	0.000	1.000	0.000	0.000	1.000	0.000
3770.000	0.000	145.254	0.674	28.251	155.879	29.231	0.000	0.000	1.000	0.000	0.000	1.000	0.000
3775.000	0.000	145.312	0.672	28.252	155.906	29.231	0.000	0.000	1.000	0.000	0.000	1.000	0.000
3780.000	0.000	145.345	0.681	28.257	155.876	29.231	0.000	0.000	1.000	0.000	0.000	1.000	0.000
3785.000	0.000	145.297	0.681	28.257	155.878	29.231	0.000	0.000	1.000	0.000	0.000	1.000	0.000
3790.000	0.000	145.280	0.676	28.264	155.921	29.231	0.000	0.000	1.000	0.000	0.000	1.000	0.000
3795.000	0.000	145.292	0.677	28.271	155.899	29.231	0.000	0.000	1.000	0.000	0.000	1.000	0.000
3800.000	0.000	145.337	0.678	28.272	155.920	29.231	0.000	0.000	1.000	0.000	0.000	1.000	0.000
3805.000	0.000	145.396	0.684	28.272	155.907	29.231	0.000	0.000	1.000	0.000	0.000	1.000	0.000
3808.500	0.000	145.394	0.685	28.268	155.921	29.231	0.000	0.000	1.000	0.000	0.000	1.000	0.000
3810.000	0.000	145.379	0.684	28.271	155.950	29.231	0.000	0.000	1.000	0.000	0.000	1.000	0.000
3815.000	0.000	145.331	0.680	28.270	155.926	29.231	0.000	0.000	1.000	0.000	0.000	1.000	0.000
3820.000	0.000	145.339	0.673	28.279	155.937	29.231	0.000	0.000	1.000	0.000	0.000	1.000	0.000
3825.000	0.000	145.344	0.673	28.284	155.931	29.231	0.000	0.000	1.000	0.000	0.000	1.000	0.000
3830.000	0.000	145.293	0.678	28.287	155.939	29.231	0.000	0.000	1.000	0.000	0.000	1.000	0.000
3835.000	0.000	145.363	0.681	28.291	155.934	29.231	0.000	0.000	1.000	0.000	0.000	1.000	0.000
3840.000	0.000	145.375	0.674	28.292	155.993	29.231	0.000	0.000	1.000	0.000	0.000	1.000	0.000
3845.000	0.000	145.355	0.675	28.296	155.944	29.231	0.000	0.000	1.000	0.000	0.000	1.000	0.000
3850.000	0.000	145.344	0.677	28.298	155.965	29.231	0.000	0.000	1.000	0.000	0.000	1.000	0.000
3855.000	0.000	145.369	0.673	28.301	155.964	29.231	0.000	0.000	1.000	0.000	0.000	1.000	0.000
3860.000	0.000	145.369	0.678	28.306	155.982	29.231	0.000	0.000	1.000	0.000	0.000	1.000	0.000
3865.000	0.000	145.397	0.678	28.312	155.975	29.231	0.000	0.000	1.000	0.000	0.000	1.000	0.000
3870.000	0.000	145.402	0.676	28.312	155.978	29.231	0.000	0.000	1.000	0.000	0.000	1.000	0.000
3875.000	0.000	145.409	0.679	28.312	155.988	29.231	0.000	0.000	1.000	0.000	0.000	1.000	0.000
3880.000	0.000	145.372	0.676	28.308	155.979	29.231	0.000	0.000	1.000	0.000	0.000	1.000	0.000
3885.000	0.000	145.423	0.681	28.308	155.996	29.231	0.000	0.000	1.000	0.000	0.000	1.000	0.000
3890.000	0.000	145.396	0.679	28.305	156.013	29.231	0.000	0.000	1.000	0.000	0.000	1.000	0.000
3895.000	0.000	145.420	0.682	28.307	156.031	29.231	0.000	0.000	1.000	0.000	0.000	1.000	0.000
3900.000	0.000	145.374	0.675	28.310	156.006	29.231	0.000	0.000	1.000	0.000	0.000	1.000	0.000
3905.000	0.000	145.381	0.682	28.311	155.988	29.231	0.000	0.000	1.000	0.000	0.000	1.000	0.000
3910.000	0.000	145.472	0.687	28.321	155.965	29.231	0.000	0.000	1.000	0.000	0.000	1.000	0.000
3915.000	0.000	145.378	0.681	28.322	155.936	29.231	0.000	0.000	1.000	0.000	0.000	1.000	0.000
3920.000	0.000	145.345	0.684	28.319	155.959	29.231	0.000	0.000	1.000	0.000	0.000	1.000	0.000
3925.000	0.000	145.345	0.682	28.319	155.976	29.231	0.000	0.000	1.000	0.000	0.000	1.000	0.000
3930.000	0.000	145.379	0.681	28.320	155.960	29.231	0.000	0.000	1.000	0.000	0.000	1.000	0.000
3935.000	0.000	145.419	0.680	28.322	155.959	100.000	0.000	0.000	1.000	0.000	0.000	1.000	0.000
3940.000	0.000	145.439	0.916	28.325	156.008	100.000	0.000	0.000	1.000	0.000	0.000	1.000	0.000
3945.000	0.000	145.813	1.039	28.315	156.720	100.000	0.000	0.000	1.000	0.000	0.000	1.000	0.000
3950.000	0.000	146.452	1.019	28.330	157.362	100.000	0.000	0.000	1.000	0.000	0.000	1.000	0.000
3955.000	0.000	147.190	1.022	28.345	158.053	100.000	0.000	0.000	1.000	0.000	0.000	1.000	0.000
3960.000	0.000	147.925	1.028	28.348	158.720	100.000	0.000	0.000	1.000	0.000	0.000	1.000	0.000
3965.000	0.000	148.609	1.012	28.358	159.404	100.000	0.000	0.000	1.000	0.000	0.000	1.000	0.000
3970.000	0.000	149.263	1.031	28.355	160.041	100.000	0.000	0.000	1.000	0.000	0.000	1.000	0.000
3975.000	0.000	150.019	1.021	28.360	160.762	100.000	0.000	0.000	1.000	0.000	0.000	1.000	0.000
3980.000	0.000	150.704	1.040	28.365	161.425	100.000	0.000	0.000	1.000	0.000	0.000	1.000	0.000
3985.000	0.000	151.398	1.017	28.360	162.092	100.000	0.000	0.000	1.000	0.000	0.000	1.000	0.000
3990.000	0.000	152.182	1.041	28.365	162.762	100.000	0.000	0.000	1.000	0.000	0.000	1.000	0.000
3995.000	0.000	152.862	1.017	28.345	163.427	100.000	0.000	0.000	1.000	0.000	0.000	1.000	0.000
4000.000	0.000	153.574	1.021	28.356	164.123	100.000	0.000	0.000	1.000	0.000	0.000	1.000	0.000
4005.000	0.000	154.282	1.020	28.349	164.789	100.000	0.000	0.000	1.000	0.000	0.000	1.000	0.000
4010.000	0.000	155.047	1.028	28.356	165.472	100.000	0.000	0.000	1.000	0.000	0.000	1.000	0.000
4015.000	0.000	155.597	1.030	28.352	166.106	100.000	0.000	0.000	1.000	0.000	0.000	1.000	0.000
4020.000	0.000	156.246	1.021	28.349	166.770	95.071	0.000	0.000	1.000	0.000	0.000	1.000	0.000
4025.000	0.000	156.980	0.976	28.357	167.425	73.556	0.000	0.000	1.000	0.000	0.000	1.000	0.000
4030.000	0.000	157.509	0.867	28.360	167.904	43.196	0.000	0.000	1.000	0.000	0.000	1.000	0.000
4035.000	0.000	157.683	0.439	28.362	167.916	8.944	0.000	0.000	1.000	0.000	0.000	1.000	0.000
4040.000	0.000	157.363	0.000	28.374	166.534	0.000	0.000	0.000	1.000	0.000	0.000	1.000	0.000
4045.000	0.000	156.641	0.000	28.369	164.957	0.000	0.000	0.000	1.000	0.000	0.000	1.000	0.000
4050.000	0.000	155.590	0.000	28.363	163.407	0.000	0.000	0.000	1.000	0.000	0.000	1.000	0.000
4055.000	0.000	154.410	0.000	28.363	161.873	0.000	0.000	0.000	1.000	0.000	0.000	1.000	0.000
4060.000	0.000	153.362	0.000	28.352	160.335	9.813	0.000	0.000	1.000	0.000	0.000	1.000	0.000
4065.000	0.000	151.970	0.000	28.347	158.785	38.955	0.000	0.000	1.000	0.000	0.000	1.000	0.000
4070.000	0.000	150.790	0.796	28.338	157.725	88.112	0.000	0.000	1.000	0.000	0.000	1.000	0.000
4075.000	0.000	150.513	1.035	28.330	158.312	100.000	0.000	0.000	1.000	0.000	0.000	1.000	0.000
4080.000	0.000	150.549	1.029	28.324	158.989	100.000	0.000	0.000	1.000	0.000	0.000	1.000	0.000
4085.000	0.000	150.677	1.023	28.321	159.658	100.000	0.000	0.000	1.000	0.000	0.000	1.000	0.000
4090.000	0.000	151.089	1.026	28.326	160.384	100.000	0.000	0.000	1.000	0.000	0.000	1.000	0.000
4095.000	0.000	151.570	1.024	28.333	161.082	100.000	0.000	0.000	1.000	0.000	0.000	1.000	0.000
4100.000	0.000	152.028	1.032	28.334	161.721	100.000	0.000	0.000	1.000	0.000	0.000	1.000	0.000
4105.000	0.000	152.575	1.023	28.338	162.437	100.000	0.000	0.000	1.000	0.000	0.000	1.000	0.000
4110.000	0.000	152.980	1.028	28.344	163.142	100.000	0.000	0.000	1.000	0.000	0.000	1.000	0.000
4115.000	0.000	153.412	1.025	28.343	163.764	100.000	0.000	0.000	1.000	0.000	0.000	1.000	0.000
4120.000	0.000	154.047	1.034	28.352	164.514	100.000	0.000	0.000	1.000	0.000	0.000	1.000	0.000
4125.000	0.000	154.699	1.030	28.353	165.157	100.000	0.000	0.000	1.000	0.000	0.000	1.000	0.000
4130.000	0.000	155.354	1.035	28.359	165.847	100.000	0.000	0.000	1.000	0.000	0.000	1.000	0.000
4135.000	0.000	156.012	1.028	28.361	166.537	100.000	0.000	0.000	1.000	0.000	0.000	1.000	0.000
4140.000	0.000	156.657	1.035	28.361	167.224	82.305	0.000	0.000	1.000	0.000	0.000	1.000	0.000
4145.000	0.000	157.262	0.973	28.357	167.759	56.502	0.000	0.000	1.000	0.000	0.000	1.000	0.000
4150.000	0.000	157.859	0.742	28.357	168.169	22.059	0.000	0.000	1.000	0.000	0.000	1.000	0.000
4155.000	0.000	157.547	0.000	28.361	167.306	0.000	0.000	0.000	1.000	0.000	0.000	1.000	0.000
4160.000	0.000	157.049	0.000	28.358	165.698	0.000	0.000	0.000	1.000	0.000	0.000	1.000	0.000
4165.000	0.000	156.215	0.000	28.356	164.165	0.000	0.000	0.000	1.000	0.000	0.000	1.000	0.000
4170.000	0.000	154.863	0.000	28.356	162.603	0.000	0.000	0.000	1.000	0.000	0.000	1.000	0.000
4175.000	0.000	153.777	0.000	28.343	161.080	2.725	0.000	0.000	1.000	0.000	0.000	1.000	0.000
4180.000	0.000	152.537	0.000	28.352	159.494	26.873	0.000	0.000	1.000	0.000	0.000	1.000	0.000
4185.000	0.000	151.092	0.249	28.357	157.998	69.778	0.000	0.000	1.000	0.000	0.000	1.000	0.000
4190.000	0.000	150.579	0.990	28.349	158.167	100.000	0.000	0.000	1.000	0.000	0.000	1.000	0.000
4195.000	0.000	150.526	1.001	28.346	158.787	100.000	0.000	0.000	1.000	0.000	0.000	1.000	0.000
4200.000	0.000	150.569	0.998	28.330	159.432	100.000	0.000	0.000	1.000	0.000	0.000	1.000	0.000
4205.000	0.000	150.793	0.991	28.328	160.046	100.000	0.000	0.000	1.000	0.000	0.000	1.000	0.000
4210.000	0.000	151.278	0.996	28.337	160.650	100.000	0.000	0.000	1.000	0.000	0.000	1.000	0.000
4215.000	0.000	151.711	0.998	28.342	161.271	100.000	0.000	0.000	1.000	0.000	0.000	1.000	0.000
4220.000	0.000	152.109	0.995	28.344	161.865	100.000	0.000	0.000	1.000	0.000	0.000	1.000	0.000
4225.000	0.000	152.456	0.991	28.353	162.490	100.000	0.000	0.000	1.000	0.000	0.000	1.000	0.000
4230.000	0.000	152.889	0.980	28.359	163.073	100.000	0.000	0.000	1.000	0.000	0.000	1.000	0.000
4235.000	0.000	153.302	0.961	28.368	163.652	100.000	0.000	0.000	1.000	0.000	0.000	1.000	0.000
4240.000	0.000	153.743	0.961	28.375	164.203	100.000	0.000	0.000	1.000	0.000	0.000	1.000	0.000
4245.000	0.000	154.203	0.962	28.370	164.715	100.000	0.000	0.000	1.000	0.000	0.000	1.000	0.000
4250.000	0.000	154.707	0.965	28.380	165.278	100.000	0.000	0.000	1.000	0.000	0.000	1.000	0.000
4255.000	0.000	155.311	0.950	28.396	165.825	100.000	0.000	0.000	1.000	0.000	0.000	1.000	0.000
4260.000	0.000	155.792	0.947	28.398	166.349	100.000	0.000	0.000	1.000	0.000	0.000	1.000	0.000
4265.000	0.000	156.313	0.952	28.395	166.830	91.805	0.000	0.000	1.000	0.000	0.000	1.000	0.000
4270.000	0.000	156.894	0.897	28.394	167.341	70.450	0.000	0.000	1.000	0.000	0.000	1.000	0.000
4275.000	0.000	157.219	0.855	28.398	167.739	43.685	0.000	0.000	1.000	0.000	0.000	1.000	0.000
4280.000	0.000	157.516	0.482	28.407	167.835	11.724	0.000	0.000	1.000	0.000	0.000	1.000	0.000
4285.000	0.000	157.016	0.000	28.399	166.568	0.000	0.000	0.000	1.000	0.000	0.000	1.000	0.000
4290.000	0.000	156.395	0.000	28.399	164.965	0.000	0.000	0.000	1.000	0.000	0.000	1.000	0.000
4295.000	0.000	155.351	0.000	28.398	163.409	0.000	0.000	0.000	1.000	0.000	0.000	1.000	0.000
4300.000	0.000	154.244	0.000	28.392	161.843	0.000	0.000	0.000	1.000	0.000	0.000	1.000	0.000
4305.000	0.000	153.175	0.000	28.394	160.289	13.909	0.000	0.000	1.000	0.000	0.000	1.000	0.000
4310.000	0.000	151.822	0.000	28.398	158.729	46.750	0.000	0.000	1.000	0.000	0.000	1.000	0.000
4315.000	0.000	150.768	0.857	28.394	157.974	95.757	0.000	0.000	1.000	0.000	0.000	1.000	0.000
4320.000	0.000	150.596	0.947	28.401	158.487	100.000	0.000	0.000	1.000	0.000	0.000	1.000	0.000
4325.000	0.000	150.639	0.948	28.396	159.010	100.000	0.000	0.000	1.000	0.000	0.000	1.000	0.000
4330.000	0.000	150.667	0.944	28.381	159.543	100.000	0.000	0.000	1.000	0.000	0.000	1.000	0.000
4335.000	0.000	150.852	0.940	28.389	160.085	100.000	0.000	0.000	1.000	0.000	0.000	1.000	0.000
4340.000	0.000	151.164	0.949	28.400	160.559	100.000	0.000	0.000	1.000	0.000	0.000	1.000	0.000
4345.000	0.000	151.435	0.944	28.400	161.131	100.000	0.000	0.000	1.000	0.000	0.000	1.000	0.000
4350.000	0.000	151.793	0.943	28.412	161.597	100.000	0.000	0.000	1.000	0.000	0.000	1.000	0.000
4355.000	0.000	152.135	0.944	28.419	162.125	100.000	0.000	0.000	1.000	0.000	0.000	1.000	0.000
4360.000	0.000	152.482	0.944	28.433	162.661	100.000	0.000	0.000	1.000	0.000	0.000	1.000	0.000
4365.000	0.000	152.861	0.937	28.440	163.153	100.000	0.000	0.000	1.000	0.000	0.000	1.000	0.000
4370.000	0.000	153.243	0.945	28.435	163.672	100.000	0.000	0.000	1.000	0.000	0.000	1.000	0.000
4375.000	0.000	153.641	0.965	28.452	164.199	100.000	0.000	0.000	1.000	0.000	0.000	1.000	0.000
4380.000	0.000	154.112	0.947	28.452	164.745	100.000	0.000	0.000	1.000	0.000	0.000	1.000	0.000
4385.000	0.000	153.325	0.949	28.449	161.511	100.000	0.000	0.000	1.000	0.000	0.000	1.000	0.000
4390.000	0.000	149.666	0.953	28.443	153.756	100.000	0.000	0.000	1.000	0.000	0.000	1.000	0.000
4395.000	0.000	145.542	0.942	28.447	150.386	100.000	0.000	0.000	1.000	0.000	0.000	1.000	0.000
4400.000	0.000	144.743	0.942	28.435	150.814	100.000	0.000	0.000	1.000	0.000	0.000	1.000	0.000
4405.000	0.000	144.309	0.950	28.428	151.346	100.000	0.000	0.000	1.000	0.000	0.000	1.000	0.000
4410.000	0.000	144.147	0.940	28.421	151.883	100.000	0.000	0.000	1.000	0.000	0.000	1.000	0.000
4415.000	0.000	144.251	0.936	28.405	152.379	100.000	0.000	0.000	1.000	0.000	0.000	1.000	0.000
4420.000	0.000	144.566	0.952	28.407	152.907	100.000	0.000	0.000	1.000	0.000	0.000	1.000	0.000
4425.000	0.000	144.958	0.951	28.416	153.451	100.000	0.000	0.000	1.000	0.000	0.000	1.000	0.000
4430.000	0.000	145.451	0.961	28.409	154.006	100.000	0.000	0.000	1.000	0.000	0.000	1.000	0.000
4435.000	0.000	145.683	0.951	28.409	154.555	100.000	0.000	0.000	1.000	0.000	0.000	1.000	0.000
4440.000	0.000	145.990	0.945	28.407	155.097	100.000	0.000	0.000	1.000	0.000	0.000	1.000	0.000
4445.000	0.000	146.458	0.948	28.407	155.634	100.000	0.000	0.000	1.000	0.000	0.000	1.000	0.000
4450.000	0.000	146.808	0.957	28.407	156.171	100.000	0.000	0.000	1.000	0.000	0.000	1.000	0.000
4455.000	0.000	147.290	0.948	28.418	156.712	100.000	0.000	0.000	1.000	0.000	0.000	1.000	0.000
4460.000	0.000	147.788	0.954	28.430	157.237	100.000	0.000	0.000	1.000	0.000	0.000	1.000	0.000
4465.000	0.000	148.224	0.954	28.416	157.757	100.000	0.000	0.000	1.000	0.000	0.000	1.000	0.000
4470.000	0.000	148.639	0.951	28.416	158.327	100.000	0.000	0.000	1.000	0.000	0.000	1.000	0.000
4475.000	0.000	148.962	0.955	28.418	158.869	99.231	0.000	0.000	1.000	0.000	0.000	1.000	0.000
4480.000	0.000	149.446	0.941	28.415	159.372	30.769	0.000	0.000	1.000	0.000	0.000	1.000	0.000
4485.000	0.000	149.621	0.585	28.432	159.427	30.769	0.000	0.000	1.000	0.000	0.000	1.000	0.000
4490.000	0.000	149.494	0.572	28.430	159.256	30.769	0.000	0.000	1.000	0.000	0.000	1.000	0.000
4495.000	0.000	149.415	0.572	28.432	158.985	30.769	0.000	0.000	1.000	0.000	0.000	1.000	0.000
4500.000	0.000	149.293	0.581	28.424	158.704	30.769	0.000	0.000	1.000	0.000	0.000	1.000	0.000
4505.000	0.000	149.042	0.580	28.435	158.136	30.769	0.000	0.000	1.000	0.000	0.000	1.000	0.000
4510.000	0.000	149.066	0.631	28.433	158.223	30.769	0.000	0.000	1.000	0.000	0.000	1.000	0.000
4515.000	0.000	148.956	0.569	28.434	158.031	30.769	0.000	0.000	1.000	0.000	0.000	1.000	0.000
4520.000	0.000	148.823	0.578	28.430	157.806	30.769	0.000	0.000	1.000	0.000	0.000	1.000	0.000
4525.000	0.000	148.650	0.664	28.429	157.576	30.769	0.000	0.000	1.000	0.000	0.000	1.000	0.000
4530.000	0.000	148.550	0.577	28.438	157.343	30.769	0.000	0.000	1.000	0.000	0.000	1.000	0.000
4535.000	0.000	148.484	0.733	28.432	157.177	30.769	0.000	0.000	1.000	0.000	0.000	1.000	0.000
4540.000	0.000	148.366	0.507	28.440	157.005	30.769	0.000	0.000	1.000	0.000	0.000	1.000	0.000
4545.000	0.000	148.224	0.660	28.430	156.871	30.769	0.000	0.000	1.000	0.000	0.000	1.000	0.000
4550.000	0.000	148.089	0.658	28.432	156.779	30.769	0.000	0.000	1.000	0.000	0.000	1.000	0.000
4555.000	0.000	148.012	0.664	28.429	156.706	30.769	0.000	0.000	1.000	0.000	0.000	1.000	0.000
4560.000	0.000	147.902	0.657	28.444	156.668	30.769	0.000	0.000	1.000	0.000	0.000	1.000	0.000
4565.000	0.000	147.799	0.656	28.448	156.581	30.769	0.000	0.000	1.000	0.000	0.000	1.000	0.000
4570.000	0.000	147.746	0.658	28.439	156.549	30.769	0.000	0.000	1.000	0.000	0.000	1.000	0.000
4575.000	0.000	147.663	0.661	28.436	156.438	30.769	0.000	0.000	1.000	0.000	0.000	1.000	0.000
4580.000	0.000	147.585	0.657	28.443	156.376	30.769	0.000	0.000	1.000	0.000	0.000	1.000	0.000
4585.000	0.000	147.536	0.654	28.439	156.293	30.769	0.000	0.000	1.000	0.000	0.000	1.000	0.000
4590.000	0.000	147.413	0.657	28.448	156.214	30.769	0.000	0.000	1.000	0.000	0.000	1.000	0.000
4595.000	0.000	147.394	0.650	28.446	156.121	30.769	0.000	0.000	1.000	0.000	0.000	1.000	0.000
4600.000	0.000	147.319	0.651	28.450	156.075	30.769	0.000	0.000	1.000	0.000	0.000	1.000	0.000
4605.000	0.000	147.256	0.652	28.453	156.010	30.769	0.000	0.000	1.000	0.000	0.000	1.000	0.000
4610.000	0.000	147.123	0.655	28.460	155.906	30.769	0.000	0.000	1.000	0.000	0.000	1.000	0.000
4615.000	0.000	147.023	0.650	28.459	155.889	30.769	0.000	0.000	1.000	0.000	0.000	1.000	0.000
4620.000	0.000	146.983	0.648	28.458	155.762	30.769	0.000	0.000	1.000	0.000	0.000	1.000	0.000
4625.000	0.000	146.882	0.650	28.471	155.712	30.769	0.000	0.000	1.000	0.000	0.000	1.000	0.000
4630.000	0.000	146.852	0.648	28.484	155.638	30.769	0.000	0.000	1.000	0.000	0.000	1.000	0.000
4635.000	0.000	146.715	0.653	28.481	155.536	30.769	0.000	0.000	1.000	0.000	0.000	1.000	0.000
4640.000	0.000	146.616	0.650	28.485	155.462	30.769	0.000	0.000	1.000	0.000	0.000	1.000	0.000
4645.000	0.000	146.537	0.654	28.487	155.370	30.769	0.000	0.000	1.000	0.000	0.000	1.000	0.000
4650.000	0.000	146.439	0.653	28.484	155.313	30.769	0.000	0.000	1.000	0.000	0.000	1.000	0.000
4655.000	0.000	146.334	0.645	28.482	155.201	30.769	0.000	0.000	1.000	0.000	0.000	1.000	0.000
4660.000	0.000	146.222	0.644	28.485	155.109	30.769	0.000	0.000	1.000	0.000	0.000	1.000	0.000
4665.000	0.000	146.142	0.646	28.486	155.056	30.769	0.000	0.000	1.000	0.000	0.000	1.000	0.000
4670.000	0.000	146.072	0.639	28.490	154.947	30.769	0.000	0.000	1.000	0.000	0.000	1.000	0.000
4675.000	0.000	146.004	0.650	28.495	154.828	30.769	0.000	0.000	1.000	0.000	0.000	1.000	0.000
4680.000	0.000	145.925	0.650	28.494	154.783	30.769	0.000	0.000	1.000	0.000	0.000	1.000	0.000
4685.000	0.000	145.850	0.643	28.492	154.701	30.769	0.000	0.000	1.000	0.000	0.000	1.000	0.000
4690.000	0.000	145.747	0.640	28.495	154.615	30.769	0.000	0.000	1.000	0.000	0.000	1.000	0.000
4695.000	0.000	145.691	0.647	28.501	154.538	30.769	0.000	0.000	1.000	0.000	0.000	1.000	0.000
4700.000	0.000	145.608	0.640	28.487	154.458	30.769	0.000	0.000	1.000	0.000	0.000	1.000	0.000
4705.000	0.000	145.507	0.647	28.485	154.347	30.769	0.000	0.000	1.000	0.000	0.000	1.000	0.000
4710.000	0.000	145.453	0.639	28.485	154.264	30.769	0.000	0.000	1.000	0.000	0.000	1.000	0.000
4715.000	0.000	145.334	0.640	28.496	154.158	30.769	0.000	0.000	1.000	0.000	0.000	1.000	0.000
4720.000	0.000	145.256	0.647	28.497	154.091	30.769	0.000	0.000	1.000	0.000	0.000	1.000	0.000
4725.000	0.000	145.208	0.645	28.504	154.002	30.769	0.000	0.000	1.000	0.000	0.000	1.000	0.000
4730.000	0.000	145.096	0.652	28.502	153.910	30.769	0.000	0.000	1.000	0.000	0.000	1.000	0.000
4735.000	0.000	145.056	0.649	28.506	153.847	30.769	0.000	0.000	1.000	0.000	0.000	1.000	0.000
4740.000	0.000	144.925	0.641	28.505	153.747	30.769	0.000	0.000	1.000	0.000	0.000	1.000	0.000
4745.000	0.000	144.782	0.649	28.499	153.642	30.769	0.000	0.000	1.000	0.000	0.000	1.000	0.000
4750.000	0.000	144.765	0.642	28.501	153.560	30.769	0.000	0.000	1.000	0.000	0.000	1.000	0.000
4755.000	0.000	144.690	0.639	28.506	153.473	30.769	0.000	0.000	1.000	0.000	0.000	1.000	0.000
4760.000	0.000	144.572	0.636	28.518	153.415	30.769	0.000	0.000	1.000	0.000	0.000	1.000	0.000
4765.000	0.000	144.545	0.638	28.522	153.293	30.769	0.000	0.000	1.000	0.000	0.000	1.000	0.000
4770.000	0.000	144.460	0.642	28.526	153.183	30.769	0.000	0.000	1.000	0.000	0.000	1.000	0.000
4775.000	0.000	144.341	0.636	28.521	153.106	30.769	0.000	0.000	1.000	0.000	0.000	1.000	0.000
4780.000	0.000	144.256	0.640	28.526	152.994	30.769	0.000	0.000	1.000	0.000	0.000	1.000	0.000
4785.000	0.000	144.178	0.638	28.527	152.905	30.769	0.000	0.000	1.000	0.000	0.000	1.000	0.000
4790.000	0.000	144.095	0.635	28.535	152.793	30.769	0.000	0.000	1.000	0.000	0.000	1.000	0.000
4795.000	0.000	144.033	0.636	28.541	152.716	30.769	0.000	0.000	1.000	0.000	0.000	1.000	0.000
4800.000	0.000	143.921	0.637	28.546	152.606	30.769	0.000	0.000	1.000	0.000	0.000	1.000	0.000
4805.000	0.000	143.830	0.637	28.539	152.504	30.769	0.000	0.000	1.000	0.000	0.000	1.000	0.000
4810.000	0.000	143.713	0.631	28.550	152.427	30.769	0.000	0.000	1.000	0.000	0.000	1.000	0.000
4815.000	0.000	143.614	0.632	28.544	152.284	30.769	0.000	0.000	1.000	0.000	0.000	1.000	0.000
4820.000	0.000	143.557	0.631	28.552	152.196	30.769	0.000	0.000	1.000	0.000	0.000	1.000	0.000
4825.000	0.000	143.429	0.633	28.557	152.081	30.769	0.000	0.000	1.000	0.000	0.000	1.000	0.000
4830.000	0.000	143.306	0.633	28.558	151.990	30.769	0.000	0.000	1.000	0.000	0.000	1.000	0.000
4835.000	0.000	143.177	0.636	28.565	151.885	30.769	0.000	0.000	1.000	0.000	0.000	1.000	0.000
4840.000	0.000	143.059	0.636	28.564	151.773	30.769	0.000	0.000	1.000	0.000	0.000	1.000	0.000
4845.000	0.000	142.980	0.608	28.568	151.642	30.769	0.000	0.000	1.000	0.000	0.000	1.000	0.000
4850.000	0.000	142.807	0.608	28.575	151.506	30.769	0.000	0.000	1.000	0.000	0.000	1.000	0.000
4855.000	0.000	142.705	0.612	28.576	151.328	30.769	0.000	0.000	1.000	0.000	0.000	1.000	0.000
4860.000	0.000	142.524	0.608	28.576	151.177	30.769	0.000	0.000	1.000	0.000	0.000	1.000	0.000
4865.000	0.000	142.350	0.604	28.573	151.012	30.769	0.000	0.000	1.000	0.000	0.000	1.000	0.000
4870.000	0.000	142.201	0.609	28.575	150.876	30.769	0.000	0.000	1.000	0.000	0.000	1.000	0.000
4875.000	0.000	142.041	0.609	28.573	150.729	30.769	0.000	0.000	1.000	0.000	0.000	1.000	0.000
4880.000	0.000	141.883	0.604	28.577	150.556	30.769	0.000	0.000	1.000	0.000	0.000	1.000	0.000
4885.000	0.000	141.752	0.606	28.583	150.382	30.769	0.000	0.000	1.000	0.000	0.000	1.000	0.000
4890.000	0.000	141.643	0.602	28.585	150.247	30.769	0.000	0.000	1.000	0.000	0.000	1.000	0.000
4895.000	0.000	141.504	0.597	28.585	150.083	30.769	0.000	0.000	1.000	0.000	0.000	1.000	0.000
4900.000	0.000	141.294	0.607	28.583	149.929	30.769	0.000	0.000	1.000	0.000	0.000	1.000	0.000
4905.000	0.000	141.156	0.606	28.592	149.746	30.769	0.000	0.000	1.000	0.000	0.000	1.000	0.000
4910.000	0.000	140.966	0.601	28.597	149.597	30.769	0.000	0.000	1.000	0.000	0.000	1.000	0.000
4915.000	0.000	140.834	0.601	28.601	149.456	30.769	0.000	0.000	1.000	0.000	0.000	1.000	0.000
4920.000	0.000	140.713	0.606	28.601	149.297	30.769	0.000	0.000	1.000	0.000	0.000	1.000	0.000
4925.000	0.000	140.538	0.603	28.602	149.128	30.769	0.000	0.000	1.000	0.000	0.000	1.000	0.000
4930.000	0.000	140.367	0.606	28.616	148.962	30.769	0.000	0.000	1.000	0.000	0.000	1.000	0.000
4935.000	0.000	140.250	0.604	28.615	148.823	30.769	0.000	0.000	1.000	0.000	0.000	1.000	0.000
4940.000	0.000	140.139	0.607	28.621	148.661	30.769	0.000	0.000	1.000	0.000	0.000	1.000	0.000
4945.000	0.000	139.949	0.608	28.617	148.456	30.769	0.000	0.000	1.000	0.000	0.000	1.000	0.000
4950.000	0.000	139.798	0.606	28.618	148.340	30.769	0.000	0.000	1.000	0.000	0.000	1.000	0.000
4955.000	0.000	139.680	0.604	28.617	148.161	30.769	0.000	0.000	1.000	0.000	0.000	1.000	0.000
4960.000	0.000	139.556	0.601	28.621	147.997	30.769	0.000	0.000	1.000	0.000	0.000	1.000	0.000
4965.000	0.000	139.380	0.601	28.623	147.839	30.769	0.000	0.000	1.000	0.000	0.000	1.000	0.000
4970.000	0.000	139.289	0.602	28.626	147.669	30.769	0.000	0.000	1.000	0.000	0.000	1.000	0.000
4975.000	0.000	139.049	0.599	28.623	147.516	30.769	0.000	0.000	1.000	0.000	0.000	1.000	0.000
4980.000	0.000	138.938	0.602	28.620	147.368	30.769	0.000	0.000	1.000	0.000	0.000	1.000	0.000
4985.000	0.000	138.804	0.603	28.625	147.191	30.769	0.000	0.000	1.000	0.000	0.000	1.000	0.000
4990.000	0.000	138.675	0.605	28.620	147.025	30.769	0.000	0.000	1.000	0.000	0.000	1.000	0.000
4995.000	0.000	138.562	0.604	28.624	146.898	30.769	0.000	0.000	1.000	0.000	0.000	1.000	0.000
5000.000	0.000	138.436	0.606	28.620	146.731	30.769	0.000	0.000	1.000	0.000	0.000	1.000	0.000
5005.000	0.000	138.344	0.601	28.631	146.540	30.769	0.000	0.000	1.000	0.000	0.000	1.000	0.000
5010.000	0.000	138.175	0.599	28.639	146.406	30.769	0.000	0.000	1.000	0.000	0.000	1.000	0.000
5015.000	0.000	138.028	0.601	28.636	146.244	30.769	0.000	0.000	1.000	0.000	0.000	1.000	0.000
5020.000	0.000	137.779	0.599	28.640	146.062	30.769	0.000	0.000	1.000	0.000	0.000	1.000	0.000
5025.000	0.000	137.613	0.600	28.637	145.904	30.769	0.000	0.000	1.000	0.000	0.000	1.000	0.000
5030.000	0.000	137.450	0.594	28.638	145.737	30.769	0.000	0.000	1.000	0.000	0.000	1.000	0.000
5035.000	0.000	137.328	0.594	28.643	145.595	30.769	0.000	0.000	1.000	0.000	0.000	1.000	0.000
5040.000	0.000	137.173	0.596	28.639	145.409	30.769	0.000	0.000	1.000	0.000	0.000	1.000	0.000
5045.000	0.000	137.031	0.597	28.646	145.251	30.769	0.000	0.000	1.000	0.000	0.000	1.000	0.000
5050.000	0.000	136.682	0.601	28.647	145.089	30.769	0.000	0.000	1.000	0.000	0.000	1.000	0.000
5055.000	0.000	136.537	0.592	28.642	144.895	30.769	0.000	0.000	1.000	0.000	0.000	1.000	0.000
5060.000	0.000	136.344	0.589	28.652	144.738	30.769	0.000	0.000	1.000	0.000	0.000	1.000	0.000
5065.000	0.000	136.194	0.595	28.645	144.556	30.769	0.000	0.000	1.000	0.000	0.000	1.000	0.000
5070.000	0.000	136.064	0.594	28.650	144.423	30.769	0.000	0.000	1.000	0.000	0.000	1.000	0.000
5075.000	0.000	135.919	0.594	28.653	144.254	30.769	0.000	0.000	1.000	0.000	0.000	1.000	0.000
5080.000	0.000	135.696	0.599	28.651	144.088	30.769	0.000	0.000	1.000	0.000	0.000	1.000	0.000
5085.000	0.000	135.554	0.596	28.655	143.911	30.769	0.000	0.000	1.000	0.000	0.000	1.000	0.000
5090.000	0.000	135.461	0.599	28.654	143.769	30.769	0.000	0.000	1.000	0.000	0.000	1.000	0.000
5095.000	0.000	135.297	0.600	28.656	143.589	30.769	0.000	0.000	1.000	0.000	0.000	1.000	0.000
5100.000	0.000	135.126	0.597	28.659	143.443	30.769	0.000	0.000	1.000	0.000	0.000	1.000	0.000
5105.000	0.000	134.907	0.597	28.669	143.239	30.769	0.000	0.000	1.000	0.000	0.000	1.000	0.000
5110.000	0.000	134.688	0.590	28.672	143.081	30.769	0.000	0.000	1.000	0.000	0.000	1.000	0.000
5115.000	0.000	134.509	0.594	28.672	142.920	30.769	0.000	0.000	1.000	0.000	0.000	1.000	0.000
5120.000	0.000	134.301	0.595	28.673	142.757	30.769	0.000	0.000	1.000	0.000	0.000	1.000	0.000
5125.000	0.000	134.058	0.590	28.674	142.597	30.769	0.000	0.000	1.000	0.000	0.000	1.000	0.000
5130.000	0.000	133.878	0.594	28.682	142.448	30.769	0.000	0.000	1.000	0.000	0.000	1.000	0.000
5135.000	0.000	133.748	0.592	28.676	142.243	30.769	0.000	0.000	1.000	0.000	0.000	1.000	0.000
5140.000	0.000	133.591	0.594	28.675	142.102	30.769	0.000	0.000	1.000	0.000	0.000	1.000	0.000
5145.000	0.000	133.460	0.588	28.673	141.929	30.769	0.000	0.000	1.000	0.000	0.000	1.000	0.000
5150.000	0.000	133.264	0.591	28.685	141.747	30.769	0.000	0.000	1.000	0.000	0.000	1.000	0.000
5155.000	0.000	133.112	0.590	28.681	141.584	30.769	0.000	0.000	1.000	0.000	0.000	1.000	0.000
5160.000	0.000	132.881	0.591	28.683	141.415	30.769	0.000	0.000	1.000	0.000	0.000	1.000	0.000
5165.000	0.000	132.681	0.593	28.688	141.244	30.769	0.000	0.000	1.000	0.000	0.000	1.000	0.000
5170.000	0.000	132.478	0.593	28.698	141.091	30.769	0.000	0.000	1.000	0.000	0.000	1.000	0.000
5175.000	0.000	132.291	0.588	28.696	140.936	30.769	0.000	0.000	1.000	0.000	0.000	1.000	0.000
5180.000	0.000	132.168	0.590	28.693	140.759	30.769	0.000	0.000	1.000	0.000	0.000	1.000	0.000
5185.000	0.000	132.030	0.596	28.690	140.584	30.769	0.000	0.000	1.000	0.000	0.000	1.000	0.000
5190.000	0.000	131.828	0.592	28.688	140.452	30.769	0.000	0.000	1.000	0.000	0.000	1.000	0.000
5195.000	0.000	131.654	0.593	28.691	140.300	30.769	0.000	0.000	1.000	0.000	0.000	1.000	0.000
5200.000	0.000	131.476	0.595	28.692	140.144	30.769	0.000	0.000	1.000	0.000	0.000	1.000	0.000
5205.000	0.000	131.351	0.593	28.701	139.935	30.769	0.000	0.000	1.000	0.000	0.000	1.000	0.000
5210.000	0.000	131.242	0.591	28.700	139.788	30.769	0.000	0.000	1.000	0.000	0.000	1.000	0.000
5215.000	0.000	131.092	0.593	28.697	139.621	30.769	0.000	0.000	1.000	0.000	0.000	1.000	0.000
5220.000	0.000	130.920	0.586	28.695	139.430	30.769	0.000	0.000	1.000	0.000	0.000	1.000	0.000
5225.000	0.000	130.739	0.588	28.700	139.257	30.769	0.000	0.000	1.000	0.000	0.000	1.000	0.000
5230.000	0.000	130.539	0.591	28.706	139.100	30.769	0.000	0.000	1.000	0.000	0.000	1.000	0.000
5235.000	0.000	130.367	0.586	28.706	138.938	30.769	0.000	0.000	1.000	0.000	0.000	1.000	0.000
5240.000	0.000	130.037	0.588	28.708	138.757	30.769	0.000	0.000	1.000	0.000	0.000	1.000	0.000
5245.000	0.000	129.802	0.589	28.695	138.570	30.769	0.000	0.000	1.000	0.000	0.000	1.000	0.000
5250.000	0.000	129.635	0.588	28.695	138.402	30.769	0.000	0.000	1.000	0.000	0.000	1.000	0.000
5255.000	0.000	129.444	0.584	28.698	138.230	30.769	0.000	0.000	1.000	0.000	0.000	1.000	0.000
5260.000	0.000	129.227	0.587	28.698	138.087	30.769	0.000	0.000	1.000	0.000	0.000	1.000	0.000
5265.000	0.000	129.015	0.587	28.703	137.905	30.769	0.000	0.000	1.000	0.000	0.000	1.000	0.000
5270.000	0.000	128.887	0.582	28.707	137.749	30.769	0.000	0.000	1.000	0.000	0.000	1.000	0.000
5275.000	0.000	128.715	0.586	28.705	137.564	30.769	0.000	0.000	1.000	0.000	0.000	1.000	0.000
5280.000	0.000	128.596	0.584	28.717	137.406	30.769	0.000	0.000	1.000	0.000	0.000	1.000	0.000
5285.000	0.000	128.442	0.575	28.720	137.237	30.769	0.000	0.000	1.000	0.000	0.000	1.000	0.000
5290.000	0.000	128.261	0.580	28.719	137.048	30.769	0.000	0.000	1.000	0.000	0.000	1.000	0.000
5295.000	0.000	128.035	0.583	28.725	136.909	30.769	0.000	0.000	1.000	0.000	0.000	1.000	0.000
5300.000	0.000	127.857	0.585	28.720	136.717	30.769	0.000	0.000	1.000	0.000	0.000	1.000	0.000
5305.000	0.000	127.669	0.582	28.708	136.550	30.769	0.000	0.000	1.000	0.000	0.000	1.000	0.000
5310.000	0.000	127.475	0.582	28.706	136.364	30.769	0.000	0.000	1.000	0.000	0.000	1.000	0.000
5315.000	0.000	127.319	0.581	28.709	136.224	30.769	0.000	0.000	1.000	0.000	0.000	1.000	0.000
5320.000	0.000	127.142	0.585	28.720	136.064	30.769	0.000	0.000	1.000	0.000	0.000	1.000	0.000
5325.000	0.000	126.933	0.585	28.717	135.892	30.769	0.000	0.000	1.000	0.000	0.000	1.000	0.000
5330.000	0.000	126.755	0.586	28.721	135.726	30.769	0.000	0.000	1.000	0.000	0.000	1.000	0.000
5335.000	0.000	126.567	0.584	28.725	135.587	30.769	0.000	0.000	1.000	0.000	0.000	1.000	0.000
5340.000	0.000	126.395	0.585	28.724	135.393	30.769	0.000	0.000	1.000	0.000	0.000	1.000	0.000
5345.000	0.000	126.245	0.590	28.727	135.250	30.769	0.000	0.000	1.000	0.000	0.000	1.000	0.000
5350.000	0.000	126.040	0.584	28.723	135.068	30.769	0.000	0.000	1.000	0.000	0.000	1.000	0.000
5355.000	0.000	125.892	0.585	28.717	134.912	30.769	0.000	0.000	1.000	0.000	0.000	1.000	0.000
5360.000	0.000	125.769	0.590	28.716	134.750	30.769	0.000	0.000	1.000	0.000	0.000	1.000	0.000
5365.000	0.000	125.601	0.585	28.705	134.580	30.769	0.000	0.000	1.000	0.000	0.000	1.000	0.000
5370.000	0.000	125.470	0.584	28.688	134.435	30.769	0.000	0.000	1.000	0.000	0.000	1.000	0.000
5375.000	0.000	125.285	0.582	28.685	134.234	30.769	0.000	0.000	1.000	0.000	0.000	1.000	0.000
5380.000	0.000	125.134	0.577	28.672	134.062	30.769	0.000	0.000	1.000	0.000	0.000	1.000	0.000
5385.000	0.000	124.988	0.571	28.663	133.884	30.769	0.000	0.000	1.000	0.000	0.000	1.000	0.000
5390.000	0.000	124.837	0.571	28.657	133.680	30.769	0.000	0.000	1.000	0.000	0.000	1.000	0.000
5395.000	0.000	124.647	0.574	28.648	133.485	30.769	0.000	0.000	1.000	0.000	0.000	1.000	0.000
5400.000	0.000	124.485	0.571	28.639	133.296	30.769	0.000	0.000	1.000	0.000	0.000	1.000	0.000
5405.000	0.000	124.328	0.568	28.624	133.122	30.769	0.000	0.000	1.000	0.000	0.000	1.000	0.000
5410.000	0.000	124.129	0.570	28.612	132.910	30.769	0.000	0.000	1.000	0.000	0.000	1.000	0.000
5415.000	0.000	123.911	0.567	28.608	132.729	30.769	0.000	0.000	1.000	0.000	0.000	1.000	0.000
5420.000	0.000	123.746	0.565	28.592	132.546	30.769	0.000	0.000	1.000	0.000	0.000	1.000	0.000
5425.000	0.000	123.616	0.566	28.600	132.341	30.769	0.000	0.000	1.000	0.000	0.000	1.000	0.000
5430.000	0.000	123.429	0.567	28.592	132.148	30.769	0.000	0.000	1.000	0.000	0.000	1.000	0.000
5435.000	0.000	123.297	0.567	28.572	131.954	30.769	0.000	0.000	1.000	0.000	0.000	1.000	0.000
5440.000	0.000	123.081	0.566	28.563	131.788	30.769	0.000	0.000	1.000	0.000	0.000	1.000	0.000
5445.000	0.000	122.942	0.568	28.539	131.577	30.769	0.000	0.000	1.000	0.000	0.000	1.000	0.000
5450.000	0.000	122.761	0.566	28.533	131.397	30.769	0.000	0.000	1.000	0.000	0.000	1.000	0.000
5455.000	0.000	122.634	0.568	28.527	131.187	30.769	0.000	0.000	1.000	0.000	0.000	1.000	0.000
5460.000	0.000	122.484	0.573	28.506	131.015	30.769	0.000	0.000	1.000	0.000	0.000	1.000	0.000
5465.000	0.000	122.309	0.575	28.479	130.831	30.769	0.000	0.000	1.000	0.000	0.000	1.000	0.000
5470.000	0.000	122.183	0.569	28.479	130.629	30.769	0.000	0.000	1.000	0.000	0.000	1.000	0.000
5475.000	0.000	122.011	0.563	28.511	130.478	30.769	0.000	0.000	1.000	0.000	0.000	1.000	0.000
5480.000	0.000	121.859	0.564	28.508	130.247	30.769	0.000	0.000	1.000	0.000	0.000	1.000	0.000
5485.000	0.000	121.725	0.563	28.484	130.067	30.769	0.000	0.000	1.000	0.000	0.000	1.000	0.000
5490.000	0.000	121.571	0.565	28.468	129.880	30.769	0.000	0.000	1.000	0.000	0.000	1.000	0.000
5495.000	0.000	121.393	0.569	28.461	129.673	30.769	0.000	0.000	1.000	0.000	0.000	1.000	0.000
5500.000	0.000	121.210	0.570	28.465	129.488	30.769	0.000	0.000	1.000	0.000	0.000	1.000	0.000
5505.000	0.000	121.055	0.572	28.476	129.298	30.769	0.000	0.000	1.000	0.000	0.000	1.000	0.000
5510.000	0.000	120.937	0.568	28.439	129.123	30.769	0.000	0.000	1.000	0.000	0.000	1.000	0.000
5515.000	0.000	120.792	0.564	28.386	128.947	30.769	0.000	0.000	1.000	0.000	0.000	1.000	0.000
5520.000	0.000	120.710	0.568	28.348	128.734	30.769	0.000	0.000	1.000	0.000	0.000	1.000	0.000
5525.000	0.000	120.515	0.566	28.361	128.574	30.769	0.000	0.000	1.000	0.000	0.000	1.000	0.000
5530.000	0.000	120.425	0.569	28.342	128.396	30.769	0.000	0.000	1.000	0.000	0.000	1.000	0.000
5535.000	0.000	120.248	0.566	28.313	128.206	30.769	0.000	0.000	1.000	0.000	0.000	1.000	0.000
5540.000	0.000	120.061	0.564	28.281	128.051	30.769	0.000	0.000	1.000	0.000	0.000	1.000	0.000
5545.000	0.000	119.922	0.570	28.293	127.863	30.769	0.000	0.000	1.000	0.000	0.000	1.000	0.000
5550.000	0.000	119.798	0.567	28.303	127.681	30.769	0.000	0.000	1.000	0.000	0.000	1.000	0.000
5555.000	0.000	119.541	0.571	28.287	127.491	30.769	0.000	0.000	1.000	0.000	0.000	1.000	0.000
5560.000	0.000	119.284	0.574	28.217	127.313	30.769	0.000	0.000	1.000	0.000	0.000	1.000	0.000
5565.000	0.000	119.086	0.566	28.141	127.118	30.769	0.000	0.000	1.000	0.000	0.000	1.000	0.000
5570.000	0.000	118.933	0.573	28.092	126.959	30.769	0.000	0.000	1.000	0.000	0.000	1.000	0.000
5575.000	0.000	118.755	0.567	27.942	126.772	30.769	0.000	0.000	1.000	0.000	0.000	1.000	0.000
5580.000	0.000	118.502	0.568	27.738	126.594	30.769	0.000	0.000	1.000	0.000	0.000	1.000	0.000
5585.000	0.000	118.292	0.563	27.544	126.399	30.769	0.000	0.000	1.000	0.000	0.000	1.000	0.000
5590.000	0.000	117.972	0.565	27.327	126.230	30.769	0.000	0.000	1.000	0.000	0.000	1.000	0.000
5595.000	0.000	117.798	0.565	27.156	126.030	30.769	0.000	0.000	1.000	0.000	0.000	1.000	0.000
5600.000	0.000	117.656	0.569	27.007	125.847	30.769	0.000	0.000	1.000	0.000	0.000	1.000	0.000
5605.000	0.000	117.432	0.573	26.867	125.667	30.769	0.000	0.000	1.000	0.000	0.000	1.000	0.000
5610.000	0.000	117.208	0.568	26.723	125.490	30.769	0.000	0.000	1.000	0.000	0.000	1.000	0.000
5615.000	0.000	117.094	0.565	26.596	125.298	30.769	0.000	0.000	1.000	0.000	0.000	1.000	0.000
5620.000	0.000	116.937	0.567	26.522	125.128	30.769	0.000	0.000	1.000	0.000	0.000	1.000	0.000
5625.000	0.000	116.735	0.567	26.436	124.927	30.769	0.000	0.000	1.000	0.000	0.000	1.000	0.000
5630.000	0.000	116.589	0.571	26.342	124.756	30.769	0.000	0.000	1.000	0.000	0.000	1.000	0.000
5635.000	0.000	116.374	0.566	26.221	124.583	30.769	0.000	0.000	1.000	0.000	0.000	1.000	0.000
5640.000	0.000	116.264	0.564	26.090	124.383	30.769	0.000	0.000	1.000	0.000	0.000	1.000	0.000
5645.000	0.000	116.053	0.563	25.994	124.218	30.769	0.000	0.000	1.000	0.000	0.000	1.000	0.000
5650.000	0.000	115.952	0.561	25.908	124.034	30.769	0.000	0.000	1.000	0.000	0.000	1.000	0.000
5655.000	0.000	115.802	0.565	25.811	123.835	30.769	0.000	0.000	1.000	0.000	0.000	1.000	0.000
5660.000	0.000	115.558	0.566	25.705	123.666	30.769	0.000	0.000	1.000	0.000	0.000	1.000	0.000
5665.000	0.000	115.317	0.562	25.565	123.482	30.769	0.000	0.000	1.000	0.000	0.000	1.000	0.000
5670.000	0.000	115.131	0.565	25.402	123.301	30.769	0.000	0.000	1.000	0.000	0.000	1.000	0.000
5675.000	0.000	114.888	0.559	25.281	123.098	30.769	0.000	0.000	1.000	0.000	0.000	1.000	0.000
5680.000	0.000	114.674	0.562	25.190	122.933	30.769	0.000	0.000	1.000	0.000	0.000	1.000	0.000
5685.000	0.000	114.480	0.567	25.139	122.745	30.769	0.000	0.000	1.000	0.000	0.000	1.000	0.000
5690.000	0.000	114.260	0.565	25.122	122.563	30.769	0.000	0.000	1.000	0.000	0.000	1.000	0.000
5695.000	0.000	114.108	0.558	25.170	122.399	30.769	0.000	0.000	1.000	0.000	0.000	1.000	0.000
5700.000	0.000	113.868	0.565	25.196	122.186	30.769	0.000	0.000	1.000	0.000	0.000	1.000	0.000
5705.000	0.000	113.620	0.566	25.231	122.008	30.769	0.000	0.000	1.000	0.000	0.000	1.000	0.000
5710.000	0.000	113.420	0.560	25.232	121.818	30.769	0.000	0.000	1.000	0.000	0.000	1.000	0.000
5715.000	0.000	113.162	0.559	25.231	121.651	30.769	0.000	0.000	1.000	0.000	0.000	1.000	0.000
5720.000	0.000	112.885	0.565	25.219	121.475	30.769	0.000	0.000	1.000	0.000	0.000	1.000	0.000
5725.000	0.000	112.669	0.558	25.215	121.305	30.769	0.000	0.000	1.000	0.000	0.000	1.000	0.000
5730.000	0.000	112.455	0.564	25.235	121.108	30.769	0.000	0.000	1.000	0.000	0.000	1.000	0.000
5735.000	0.000	112.236	0.565	25.259	120.921	30.769	0.000	0.000	1.000	0.000	0.000	1.000	0.000
5740.000	0.000	111.994	0.563	25.274	120.765	30.769	0.000	0.000	1.000	0.000	0.000	1.000	0.000
5745.000	0.000	111.779	0.560	25.281	120.594	30.769	0.000	0.000	1.000	0.000	0.000	1.000	0.000
5750.000	0.000	111.619	0.567	25.300	120.380	30.769	0.000	0.000	1.000	0.000	0.000	1.000	0.000
5755.000	0.000	111.385	0.560	25.311	120.225	30.769	0.000	0.000	1.000	0.000	0.000	1.000	0.000
5760.000	0.000	111.232	0.565	25.326	120.024	30.769	0.000	0.000	1.000	0.000	0.000	1.000	0.000
5765.000	0.000	110.957	0.561	25.339	119.868	30.769	0.000	0.000	1.000	0.000	0.000	1.000	0.000
5770.000	0.000	110.724	0.565	25.350	119.669	30.769	0.000	0.000	1.000	0.000	0.000	1.000	0.000
5775.000	0.000	110.580	0.561	25.375	119.500	30.769	0.000	0.000	1.000	0.000	0.000	1.000	0.000
5780.000	0.000	110.371	0.563	25.404	119.344	30.769	0.000	0.000	1.000	0.000	0.000	1.000	0.000
5785.000	0.000	110.236	0.553	25.436	119.152	30.769	0.000	0.000	1.000	0.000	0.000	1.000	0.000
5790.000	0.000	110.053	0.561	25.478	118.962	30.769	0.000	0.000	1.000	0.000	0.000	1.000	0.000
5795.000	0.000	109.819	0.561	25.524	118.779	30.769	0.000	0.000	1.000	0.000	0.000	1.000	0.000
5800.000	0.000	109.682	0.561	25.563	118.630	30.769	0.000	0.000	1.000	0.000	0.000	1.000	0.000
5805.000	0.000	109.485	0.568	25.608	118.438	30.769	0.000	0.000	1.000	0.000	0.000	1.000	0.000
5810.000	0.000	109.326	0.560	25.650	118.256	30.769	0.000	0.000	1.000	0.000	0.000	1.000	0.000
5815.000	0.000	109.168	0.560	25.701	118.084	30.769	0.000	0.000	1.000	0.000	0.000	1.000	0.000
5820.000	0.000	108.960	0.563	25.744	117.890	30.769	0.000	0.000	1.000	0.000	0.000	1.000	0.000
5825.000	0.000	108.716	0.561	25.788	117.739	30.769	0.000	0.000	1.000	0.000	0.000	1.000	0.000
5830.000	0.000	108.495	0.565	25.830	117.567	30.769	0.000	0.000	1.000	0.000	0.000	1.000	0.000
5835.000	0.000	108.339	0.564	25.860	117.380	30.769	0.000	0.000	1.000	0.000	0.000	1.000	0.000
5840.000	0.000	108.182	0.563	25.881	117.215	30.769	0.000	0.000	1.000	0.000	0.000	1.000	0.000
5845.000	0.000	107.993	0.560	25.912	117.056	30.769	0.000	0.000	1.000	0.000	0.000	1.000	0.000
5850.000	0.000	107.778	0.560	25.935	116.872	30.769	0.000	0.000	1.000	0.000	0.000	1.000	0.000
5855.000	0.000	107.568	0.566	25.977	116.694	30.769	0.000	0.000	1.000	0.000	0.000	1.000	0.000
5860.000	0.000	107.414	0.562	26.007	116.543	30.769	0.000	0.000	1.000	0.000	0.000	1.000	0.000
5865.000	0.000	107.262	0.564	26.030	116.367	30.769	0.000	0.000	1.000	0.000	0.000	1.000	0.000
5870.000	0.000	107.042	0.567	26.053	116.186	30.769	0.000	0.000	1.000	0.000	0.000	1.000	0.000
5875.000	0.000	106.883	0.558	26.088	116.006	30.769	0.000	0.000	1.000	0.000	0.000	1.000	0.000
5880.000	0.000	106.724	0.561	26.111	115.844	30.769	0.000	0.000	1.000	0.000	0.000	1.000	0.000
5885.000	0.000	106.520	0.558	26.148	115.680	30.769	0.000	0.000	1.000	0.000	0.000	1.000	0.000
5890.000	0.000	106.306	0.564	26.172	115.498	30.769	0.000	0.000	1.000	0.000	0.000	1.000	0.000
5895.000	0.000	106.123	0.558	26.199	115.343	30.769	0.000	0.000	1.000	0.000	0.000	1.000	0.000
5900.000	0.000	105.927	0.561	26.225	115.179	30.769	0.000	0.000	1.000	0.000	0.000	1.000	0.000
5905.000	0.000	105.740	0.559	26.250	114.994	30.769	0.000	0.000	1.000	0.000	0.000	1.000	0.000
5910.000	0.000	105.576	0.562	26.271	114.841	30.769	0.000	0.000	1.000	0.000	0.000	1.000	0.000
5915.000	0.000	105.406	0.565	26.297	114.660	30.769	0.000	0.000	1.000	0.000	0.000	1.000	0.000
5920.000	0.000	105.216	0.563	26.322	114.496	30.769	0.000	0.000	1.000	0.000	0.000	1.000	0.000
5925.000	0.000	105.035	0.567	26.347	114.327	30.769	0.000	0.000	1.000	0.000	0.000	1.000	0.000
5930.000	0.000	104.934	0.561	26.366	114.172	30.769	0.000	0.000	1.000	0.000	0.000	1.000	0.000
5935.000	0.000	104.758	0.559	26.381	114.009	30.769	0.000	0.000	1.000	0.000	0.000	1.000	0.000
5940.000	0.000	104.539	0.565	26.394	113.837	30.769	0.000	0.000	1.000	0.000	0.000	1.000	0.000
5945.000	0.000	104.322	0.561	26.405	113.674	30.769	0.000	0.000	1.000	0.000	0.000	1.000	0.000
5950.000	0.000	104.143	0.566	26.430	113.493	30.769	0.000	0.000	1.000	0.000	0.000	1.000	0.000
5955.000	0.000	103.999	0.560	26.442	113.331	30.769	0.000	0.000	1.000	0.000	0.000	1.000	0.000
5960.000	0.000	103.805	0.565	26.450	113.150	30.769	0.000	0.000	1.000	0.000	0.000	1.000	0.000
5965.000	0.000	103.628	0.568	26.459	112.997	30.769	0.000	0.000	1.000	0.000	0.000	1.000	0.000
5970.000	0.000	103.488	0.569	26.475	112.818	30.769	0.000	0.000	1.000	0.000	0.000	1.000	0.000
5975.000	0.000	103.367	0.564	26.482	112.657	30.769	0.000	0.000	1.000	0.000	0.000	1.000	0.000
5980.000	0.000	103.222	0.566	26.473	112.496	30.769	0.000	0.000	1.000	0.000	0.000	1.000	0.000
5985.000	0.000	103.049	0.566	26.466	112.329	30.769	0.000	0.000	1.000	0.000	0.000	1.000	0.000
5990.000	0.000	102.877	0.566	26.467	112.158	30.769	0.000	0.000	1.000	0.000	0.000	1.000	0.000
5995.000	0.000	102.661	0.564	26.466	111.991	30.769	0.000	0.000	1.000	0.000	0.000	1.000	0.000
6000.000	0.000	102.469	0.559	26.467	111.821	30.769	0.000	0.000	1.000	0.000	0.000	1.000	0.000
6005.000	0.000	102.257	0.562	26.466	111.650	30.769	0.000	0.000	1.000	0.000	0.000	1.000	0.000
6010.000	0.000	102.137	0.568	26.463	111.477	30.769	0.000	0.000	1.000	0.000	0.000	1.000	0.000
6015.000	0.000	102.010	0.560	26.479	111.315	30.769	0.000	0.000	1.000	0.000	0.000	1.000	0.000
6020.000	0.000	101.835	0.562	26.486	111.172	30.769	0.000	0.000	1.000	0.000	0.000	1.000	0.000
6025.000	0.000	101.747	0.560	26.496	111.007	30.769	0.000	0.000	1.000	0.000	0.000	1.000	0.000
6030.000	0.000	101.601	0.562	26.500	110.825	30.769	0.000	0.000	1.000	0.000	0.000	1.000	0.000
6035.000	0.000	101.495	0.566	26.497	110.677	30.769	0.000	0.000	1.000	0.000	0.000	1.000	0.000
6040.000	0.000	101.343	0.560	26.508	110.499	30.769	0.000	0.000	1.000	0.000	0.000	1.000	0.000
6045.000	0.000	101.190	0.563	26.527	110.354	30.769	0.000	0.000	1.000	0.000	0.000	1.000	0.000
6050.000	0.000	100.975	0.564	26.542	110.195	30.769	0.000	0.000	1.000	0.000	0.000	1.000	0.000
6055.000	0.000	100.809	0.565	26.541	110.017	30.769	0.000	0.000	1.000	0.000	0.000	1.000	0.000
6060.000	0.000	100.653	0.562	26.540	109.845	30.769	0.000	0.000	1.000	0.000	0.000	1.000	0.000
6065.000	0.000	100.494	0.560	26.540	109.683	30.769	0.000	0.000	1.000	0.000	0.000	1.000	0.000
6070.000	0.000	100.345	0.562	26.551	109.558	30.769	0.000	0.000	1.000	0.000	0.000	1.000	0.000
6075.000	0.000	100.165	0.564	26.559	109.383	30.769	0.000	0.000	1.000	0.000	0.000	1.000	0.000
6080.000	0.000	99.965	0.565	26.573	109.190	30.769	0.000	0.000	1.000	0.000	0.000	1.000	0.000
6085.000	0.000	99.791	0.562	26.589	109.086	30.769	0.000	0.000	1.000	0.000	0.000	1.000	0.000
6090.000	0.000	99.599	0.562	26.601	108.909	30.769	0.000	0.000	1.000	0.000	0.000	1.000	0.000
6095.000	0.000	99.405	0.560	26.618	108.749	79.141	0.000	0.000	1.000	0.000	0.000	1.000	0.000
6100.000	0.000	99.219	0.649	26.635	108.558	100.000	0.000	0.000	1.000	0.000	0.000	1.000	0.000
6105.000	0.000	99.187	0.881	26.632	108.768	100.000	0.000	0.000	1.000	0.000	0.000	1.000	0.000
6110.000	0.000	99.241	0.891	26.625	109.275	100.000	0.000	0.000	1.000	0.000	0.000	1.000	0.000
6115.000	0.000	99.362	0.895	26.623	109.804	100.000	0.000	0.000	1.000	0.000	0.000	1.000	0.000
6120.000	0.000	99.499	0.893	26.614	110.297	100.000	0.000	0.000	1.000	0.000	0.000	1.000	0.000
6125.000	0.000	99.702	0.901	26.603	110.825	100.000	0.000	0.000	1.000	0.000	0.000	1.000	0.000
6130.000	0.000	99.984	0.889	26.598	111.331	100.000	0.000	0.000	1.000	0.000	0.000	1.000	0.000
6135.000	0.000	100.383	0.895	26.588	111.798	100.000	0.000	0.000	1.000	0.000	0.000	1.000	0.000
6140.000	0.000	100.909	0.889	26.583	112.364	100.000	0.000	0.000	1.000	0.000	0.000	1.000	0.000
6145.000	0.000	101.371	0.893	26.566	112.836	100.000	0.000	0.000	1.000	0.000	0.000	1.000	0.000
6150.000	0.000	101.831	0.893	26.558	113.347	100.000	0.000	0.000	1.000	0.000	0.000	1.000	0.000
6155.000	0.000	102.319	0.901	26.552	113.835	100.000	0.000	0.000	1.000	0.000	0.000	1.000	0.000
6160.000	0.000	102.817	0.888	26.559	114.342	100.000	0.000	0.000	1.000	0.000	0.000	1.000	0.000
6165.000	0.000	103.319	0.888	26.565	114.848	100.000	0.000	0.000	1.000	0.000	0.000	1.000	0.000
6170.000	0.000	103.829	0.893	26.574	115.336	100.000	0.000	0.000	1.000	0.000	0.000	1.000	0.000
6175.000	0.000	104.348	0.889	26.584	115.829	100.000	0.000	0.000	1.000	0.000	0.000	1.000	0.000
6180.000	0.000	104.846	0.895	26.594	116.296	100.000	0.000	0.000	1.000	0.000	0.000	1.000	0.000
6185.000	0.000	105.364	0.892	26.595	116.779	100.000	0.000	0.000	1.000	0.000	0.000	1.000	0.000
6190.000	0.000	105.861	0.896	26.603	117.275	100.000	0.000	0.000	1.000	0.000	0.000	1.000	0.000
6195.000	0.000	106.376	0.896	26.615	117.702	100.000	0.000	0.000	1.000	0.000	0.000	1.000	0.000
6200.000	0.000	106.825	0.892	26.629	118.237	100.000	0.000	0.000	1.000	0.000	0.000	1.000	0.000
6205.000	0.000	107.306	0.893	26.635	118.689	100.000	0.000	0.000	1.000	0.000	0.000	1.000	0.000
6210.000	0.000	107.841	0.887	26.644	119.193	100.000	0.000	0.000	1.000	0.000	0.000	1.000	0.000
6215.000	0.000	108.280	0.887	26.645	119.656	100.000	0.000	0.000	1.000	0.000	0.000	1.000	0.000
6220.000	0.000	108.782	0.890	26.647	120.089	100.000	0.000	0.000	1.000	0.000	0.000	1.000	0.000
6225.000	0.000	109.275	0.896	26.639	120.586	100.000	0.000	0.000	1.000	0.000	0.000	1.000	0.000
6230.000	0.000	109.745	0.890	26.656	121.062	100.000	0.000	0.000	1.000	0.000	0.000	1.000	0.000
6235.000	0.000	110.276	0.894	26.669	121.532	100.000	0.000	0.000	1.000	0.000	0.000	1.000	0.000
6240.000	0.000	110.786	0.889	26.672	122.013	100.000	0.000	0.000	1.000	0.000	0.000	1.000	0.000
6245.000	0.000	111.253	0.892	26.675	122.445	88.910	0.000	0.000	1.000	0.000	0.000	1.000	0.000
6250.000	0.000	111.738	0.841	26.682	122.957	60.155	0.000	0.000	1.000	0.000	0.000	1.000	0.000
6255.000	0.000	112.145	0.636	26.684	123.209	20.979	0.000	0.000	1.000	0.000	0.000	1.000	0.000
6260.000	0.000	111.941	0.000	26.686	122.379	0.000	0.000	0.000	1.000	0.000	0.000	1.000	0.000
6265.000	0.000	111.379	0.000	26.674	120.831	0.000	0.000	0.000	1.000	0.000	0.000	1.000	0.000
6270.000	0.000	110.506	0.000	26.661	119.345	0.000	0.000	0.000	1.000	0.000	0.000	1.000	0.000
6275.000	0.000	109.371	0.000	26.656	117.877	0.000	0.000	0.000	1.000	0.000	0.000	1.000	0.000
6280.000	0.000	107.973	0.000	26.664	116.381	21.151	0.000	0.000	1.000	0.000	0.000	1.000	0.000
6285.000	0.000	106.447	0.000	26.672	114.919	76.549	0.000	0.000	1.000	0.000	0.000	1.000	0.000
6290.000	0.000	105.773	0.880	26.663	114.634	100.000	0.000	0.000	1.000	0.000	0.000	1.000	0.000
6295.000	0.000	105.739	0.899	26.667	115.122	100.000	0.000	0.000	1.000	0.000	0.000	1.000	0.000
6300.000	0.000	105.753	0.905	26.668	115.601	100.000	0.000	0.000	1.000	0.000	0.000	1.000	0.000
6305.000	0.000	105.846	0.905	26.661	116.106	100.000	0.000	0.000	1.000	0.000	0.000	1.000	0.000
6310.000	0.000	106.058	0.910	26.654	116.613	100.000	0.000	0.000	1.000	0.000	0.000	1.000	0.000
6315.000	0.000	106.352	0.913	26.659	117.145	100.000	0.000	0.000	1.000	0.000	0.000	1.000	0.000
6320.000	0.000	106.779	0.903	26.647	117.677	100.000	0.000	0.000	1.000	0.000	0.000	1.000	0.000
6325.000	0.000	107.206	0.902	26.651	118.163	100.000	0.000	0.000	1.000	0.000	0.000	1.000	0.000
6330.000	0.000	107.644	0.906	26.638	118.699	100.000	0.000	0.000	1.000	0.000	0.000	1.000	0.000
6335.000	0.000	108.080	0.905	26.645	119.209	100.000	0.000	0.000	1.000	0.000	0.000	1.000	0.000
6340.000	0.000	108.535	0.909	26.645	119.706	100.000	0.000	0.000	1.000	0.000	0.000	1.000	0.000
6345.000	0.000	108.978	0.903	26.640	120.152	100.000	0.000	0.000	1.000	0.000	0.000	1.000	0.000
6350.000	0.000	109.523	0.902	26.641	120.715	100.000	0.000	0.000	1.000	0.000	0.000	1.000	0.000
6355.000	0.000	110.071	0.904	26.645	121.199	100.000	0.000	0.000	1.000	0.000	0.000	1.000	0.000
6360.000	0.000	110.556	0.905	26.657	121.659	100.000	0.000	0.000	1.000	0.000	0.000	1.000	0.000
6365.000	0.000	111.035	0.903	26.665	122.177	98.474	0.000	0.000	1.000	0.000	0.000	1.000	0.000
6370.000	0.000	111.602	0.879	26.687	122.685	72.151	0.000	0.000	1.000	0.000	0.000	1.000	0.000
6375.000	0.000	111.978	0.834	26.705	123.043	37.147	0.000	0.000	1.000	0.000	0.000	1.000	0.000
6380.000	0.000	112.032	0.000	26.738	122.956	0.000	0.000	0.000	1.000	0.000	0.000	1.000	0.000
6385.000	0.000	111.547	0.000	26.751	121.429	0.000	0.000	0.000	1.000	0.000	0.000	1.000	0.000
6390.000	0.000	110.878	0.000	26.749	119.909	0.000	0.000	0.000	1.000	0.000	0.000	1.000	0.000
6395.000	0.000	109.883	0.000	26.742	118.450	0.000	0.000	0.000	1.000	0.000	0.000	1.000	0.000
6400.000	0.000	108.519	0.000	26.731	116.954	7.271	0.000	0.000	1.000	0.000	0.000	1.000	0.000
6405.000	0.000	107.152	0.000	26.729	115.484	49.890	0.000	0.000	1.000	0.000	0.000	1.000	0.000
6410.000	0.000	105.981	0.734	26.708	114.404	100.000	0.000	0.000	1.000	0.000	0.000	1.000	0.000
6415.000	0.000	105.770	0.921	26.686	114.886	100.000	0.000	0.000	1.000	0.000	0.000	1.000	0.000
6420.000	0.000	105.785	0.888	26.675	115.352	100.000	0.000	0.000	1.000	0.000	0.000	1.000	0.000
6425.000	0.000	105.880	0.901	26.664	115.853	100.000	0.000	0.000	1.000	0.000	0.000	1.000	0.000
6430.000	0.000	106.019	0.890	26.662	116.332	100.000	0.000	0.000	1.000	0.000	0.000	1.000	0.000
6435.000	0.000	106.247	0.889	26.660	116.836	100.000	0.000	0.000	1.000	0.000	0.000	1.000	0.000
6440.000	0.000	106.552	0.887	26.662	117.276	100.000	0.000	0.000	1.000	0.000	0.000	1.000	0.000
