Tuesday, 4 September 2018	10:40:07 AM
Time(s)	SPH-1	SN-1	SC-1	ST-1	SP-1	AVP-1	AR-1	AA-1	AB-1	AB-2	AVS-1	AVS-2	AVS-3
0.000	0.000	121.007	0.640	27.451	131.317	30.769	0.000	0.000	1.000	0.000	0.000	1.000	0.000
5.000	0.000	120.999	0.637	27.478	131.244	30.769	0.000	0.000	1.000	0.000	0.000	1.000	0.000
10.000	0.000	121.005	0.639	27.495	131.164	30.769	0.000	0.000	1.000	0.000	0.000	1.000	0.000
15.000	0.000	120.949	0.628	27.504	131.122	30.769	0.000	0.000	1.000	0.000	0.000	1.000	0.000
20.000	0.000	120.844	0.624	27.524	131.022	30.769	0.000	0.000	1.000	0.000	0.000	1.000	0.000
25.000	0.000	120.862	0.623	27.533	130.974	30.769	0.000	0.000	1.000	0.000	0.000	1.000	0.000
30.000	0.000	120.867	0.617	27.551	130.842	30.769	0.000	0.000	1.000	0.000	0.000	1.000	0.000
35.000	0.000	120.789	0.623	27.549	130.754	30.769	0.000	0.000	1.000	0.000	0.000	1.000	0.000
40.000	0.000	120.763	0.618	27.559	130.663	30.769	0.000	0.000	1.000	0.000	0.000	1.000	0.000
45.000	0.000	120.741	0.625	27.562	130.566	30.769	0.000	0.000	1.000	0.000	0.000	1.000	0.000
50.000	0.000	120.706	0.617	27.558	130.471	30.769	0.000	0.000	1.000	0.000	0.000	1.000	0.000
55.000	0.000	120.673	0.615	27.557	130.376	30.769	0.000	0.000	1.000	0.000	0.000	1.000	0.000
60.000	0.000	120.601	0.617	27.567	130.277	30.769	0.000	0.000	1.000	0.000	0.000	1.000	0.000
65.000	0.000	120.593	0.618	27.566	130.155	30.769	0.000	0.000	1.000	0.000	0.000	1.000	0.000
70.000	0.000	120.533	0.613	27.567	130.066	30.769	0.000	0.000	1.000	0.000	0.000	1.000	0.000
75.000	0.000	120.556	0.614	27.567	129.953	30.769	0.000	0.000	1.000	0.000	0.000	1.000	0.000
80.000	0.000	120.558	0.613	27.557	129.833	30.769	0.000	0.000	1.000	0.000	0.000	1.000	0.000
85.000	0.000	120.437	0.621	27.544	129.724	30.769	0.000	0.000	1.000	0.000	0.000	1.000	0.000
90.000	0.000	120.412	0.618	27.532	129.651	30.769	0.000	0.000	1.000	0.000	0.000	1.000	0.000
95.000	0.000	120.428	0.608	27.531	129.543	30.769	0.000	0.000	1.000	0.000	0.000	1.000	0.000
100.000	0.000	120.373	0.613	27.526	129.419	30.769	0.000	0.000	1.000	0.000	0.000	1.000	0.000
105.000	0.000	120.243	0.617	27.528	129.301	30.769	0.000	0.000	1.000	0.000	0.000	1.000	0.000
110.000	0.000	120.207	0.616	27.522	129.220	30.769	0.000	0.000	1.000	0.000	0.000	1.000	0.000
115.000	0.000	120.138	0.607	27.529	129.114	30.769	0.000	0.000	1.000	0.000	0.000	1.000	0.000
120.000	0.000	120.151	0.613	27.531	129.005	30.769	0.000	0.000	1.000	0.000	0.000	1.000	0.000
125.000	0.000	120.066	0.610	27.529	128.912	30.769	0.000	0.000	1.000	0.000	0.000	1.000	0.000
130.000	0.000	120.023	0.610	27.527	128.799	30.769	0.000	0.000	1.000	0.000	0.000	1.000	0.000
135.000	0.000	119.955	0.642	27.514	128.756	30.769	0.000	0.000	1.000	0.000	0.000	1.000	0.000
140.000	0.000	119.908	0.639	27.509	128.681	30.769	0.000	0.000	1.000	0.000	0.000	1.000	0.000
145.000	0.000	119.915	0.640	27.503	128.631	30.769	0.000	0.000	1.000	0.000	0.000	1.000	0.000
150.000	0.000	119.875	0.644	27.500	128.583	30.769	0.000	0.000	1.000	0.000	0.000	1.000	0.000
155.000	0.000	119.842	0.646	27.491	128.533	30.769	0.000	0.000	1.000	0.000	0.000	1.000	0.000
160.000	0.000	119.810	0.645	27.479	128.488	30.769	0.000	0.000	1.000	0.000	0.000	1.000	0.000
165.000	0.000	119.755	0.638	27.469	128.423	30.769	0.000	0.000	1.000	0.000	0.000	1.000	0.000
170.000	0.000	119.693	0.641	27.465	128.375	30.769	0.000	0.000	1.000	0.000	0.000	1.000	0.000
175.000	0.000	119.622	0.635	27.460	128.335	30.769	0.000	0.000	1.000	0.000	0.000	1.000	0.000
180.000	0.000	119.605	0.641	27.445	128.280	30.769	0.000	0.000	1.000	0.000	0.000	1.000	0.000
185.000	0.000	119.558	0.647	27.435	128.218	30.769	0.000	0.000	1.000	0.000	0.000	1.000	0.000
190.000	0.000	119.553	0.641	27.436	128.157	30.769	0.000	0.000	1.000	0.000	0.000	1.000	0.000
195.000	0.000	119.429	0.641	27.432	128.112	100.000	0.000	0.000	1.000	0.000	0.000	1.000	0.000
200.000	0.000	119.410	0.966	27.434	128.092	100.000	0.000	0.000	1.000	0.000	0.000	1.000	0.000
205.000	0.000	119.611	1.049	27.433	128.763	100.000	0.000	0.000	1.000	0.000	0.000	1.000	0.000
210.000	0.000	119.737	1.056	27.462	129.503	100.000	0.000	0.000	1.000	0.000	0.000	1.000	0.000
215.000	0.000	120.032	1.048	27.511	130.250	100.000	0.000	0.000	1.000	0.000	0.000	1.000	0.000
220.000	0.000	120.342	1.052	27.557	130.954	100.000	0.000	0.000	1.000	0.000	0.000	1.000	0.000
225.000	0.000	120.830	1.023	27.601	131.675	100.000	0.000	0.000	1.000	0.000	0.000	1.000	0.000
230.000	0.000	121.356	1.023	27.627	132.335	100.000	0.000	0.000	1.000	0.000	0.000	1.000	0.000
235.000	0.000	121.831	1.022	27.656	133.030	100.000	0.000	0.000	1.000	0.000	0.000	1.000	0.000
240.000	0.000	122.471	1.015	27.681	133.691	100.000	0.000	0.000	1.000	0.000	0.000	1.000	0.000
245.000	0.000	123.148	1.016	27.707	134.370	100.000	0.000	0.000	1.000	0.000	0.000	1.000	0.000
250.000	0.000	123.782	1.019	27.718	135.022	100.000	0.000	0.000	1.000	0.000	0.000	1.000	0.000
255.000	0.000	124.409	1.012	27.739	135.657	100.000	0.000	0.000	1.000	0.000	0.000	1.000	0.000
260.000	0.000	125.084	1.014	27.748	136.345	100.000	0.000	0.000	1.000	0.000	0.000	1.000	0.000
265.000	0.000	125.749	1.014	27.765	136.979	100.000	0.000	0.000	1.000	0.000	0.000	1.000	0.000
270.000	0.000	126.398	1.013	27.778	137.627	100.000	0.000	0.000	1.000	0.000	0.000	1.000	0.000
275.000	0.000	127.065	1.007	27.795	138.253	100.000	0.000	0.000	1.000	0.000	0.000	1.000	0.000
280.000	0.000	127.767	1.025	27.797	138.925	100.000	0.000	0.000	1.000	0.000	0.000	1.000	0.000
285.000	0.000	128.492	1.015	27.801	139.556	100.000	0.000	0.000	1.000	0.000	0.000	1.000	0.000
290.000	0.000	129.160	1.018	27.802	140.222	100.000	0.000	0.000	1.000	0.000	0.000	1.000	0.000
295.000	0.000	129.711	1.017	27.805	140.833	100.000	0.000	0.000	1.000	0.000	0.000	1.000	0.000
300.000	0.000	130.415	1.010	27.809	141.497	100.000	0.000	0.000	1.000	0.000	0.000	1.000	0.000
305.000	0.000	131.051	1.013	27.807	142.117	98.188	0.000	0.000	1.000	0.000	0.000	1.000	0.000
310.000	0.000	131.801	0.989	27.805	142.739	67.796	0.000	0.000	1.000	0.000	0.000	1.000	0.000
315.000	0.000	132.353	0.821	27.810	143.241	32.852	0.000	0.000	1.000	0.000	0.000	1.000	0.000
320.000	0.000	132.302	0.000	27.819	142.928	0.140	0.000	0.000	1.000	0.000	0.000	1.000	0.000
325.000	0.000	131.814	0.000	27.818	141.356	0.000	0.000	0.000	1.000	0.000	0.000	1.000	0.000
330.000	0.000	131.095	0.000	27.813	139.794	0.000	0.000	0.000	1.000	0.000	0.000	1.000	0.000
335.000	0.000	129.715	0.000	27.815	138.307	0.033	0.000	0.000	1.000	0.000	0.000	1.000	0.000
340.000	0.000	128.586	0.000	27.811	136.795	11.150	0.000	0.000	1.000	0.000	0.000	1.000	0.000
345.000	0.000	127.335	0.000	27.808	135.260	55.085	0.000	0.000	1.000	0.000	0.000	1.000	0.000
350.000	0.000	126.524	0.884	27.779	134.449	100.000	0.000	0.000	1.000	0.000	0.000	1.000	0.000
355.000	0.000	126.440	1.007	27.762	135.076	100.000	0.000	0.000	1.000	0.000	0.000	1.000	0.000
360.000	0.000	126.476	1.011	27.764	135.687	100.000	0.000	0.000	1.000	0.000	0.000	1.000	0.000
365.000	0.000	126.648	1.011	27.783	136.356	100.000	0.000	0.000	1.000	0.000	0.000	1.000	0.000
370.000	0.000	126.987	1.010	27.802	136.985	100.000	0.000	0.000	1.000	0.000	0.000	1.000	0.000
375.000	0.000	127.404	1.009	27.818	137.631	100.000	0.000	0.000	1.000	0.000	0.000	1.000	0.000
380.000	0.000	127.865	1.011	27.830	138.286	100.000	0.000	0.000	1.000	0.000	0.000	1.000	0.000
385.000	0.000	128.314	1.007	27.844	138.911	100.000	0.000	0.000	1.000	0.000	0.000	1.000	0.000
390.000	0.000	128.787	1.006	27.858	139.553	100.000	0.000	0.000	1.000	0.000	0.000	1.000	0.000
395.000	0.000	129.319	1.007	27.863	140.188	100.000	0.000	0.000	1.000	0.000	0.000	1.000	0.000
400.000	0.000	129.922	1.003	27.867	140.839	100.000	0.000	0.000	1.000	0.000	0.000	1.000	0.000
405.000	0.000	130.571	1.006	27.875	141.463	100.000	0.000	0.000	1.000	0.000	0.000	1.000	0.000
410.000	0.000	131.244	1.016	27.875	142.117	92.771	0.000	0.000	1.000	0.000	0.000	1.000	0.000
415.000	0.000	131.872	0.957	27.879	142.738	62.390	0.000	0.000	1.000	0.000	0.000	1.000	0.000
420.000	0.000	132.381	0.758	27.882	143.236	25.877	0.000	0.000	1.000	0.000	0.000	1.000	0.000
425.000	0.000	132.223	0.000	27.890	142.631	0.000	0.000	0.000	1.000	0.000	0.000	1.000	0.000
430.000	0.000	131.676	0.000	27.892	141.052	0.000	0.000	0.000	1.000	0.000	0.000	1.000	0.000
435.000	0.000	130.908	0.000	27.892	139.518	0.000	0.000	0.000	1.000	0.000	0.000	1.000	0.000
440.000	0.000	129.532	0.000	27.889	138.009	31.538	0.000	0.000	1.000	0.000	0.000	1.000	0.000
445.000	0.000	128.603	0.663	27.882	136.983	31.538	0.000	0.000	1.000	0.000	0.000	1.000	0.000
450.000	0.000	128.439	0.705	27.874	137.072	31.538	0.000	0.000	1.000	0.000	0.000	1.000	0.000
455.000	0.000	128.334	0.710	27.877	137.130	31.538	0.000	0.000	1.000	0.000	0.000	1.000	0.000
460.000	0.000	128.271	0.715	27.868	137.184	31.538	0.000	0.000	1.000	0.000	0.000	1.000	0.000
465.000	0.000	128.200	0.710	27.864	137.282	31.538	0.000	0.000	1.000	0.000	0.000	1.000	0.000
470.000	0.000	128.128	0.710	27.866	137.337	31.538	0.000	0.000	1.000	0.000	0.000	1.000	0.000
475.000	0.000	128.071	0.713	27.869	137.439	31.538	0.000	0.000	1.000	0.000	0.000	1.000	0.000
480.000	0.000	128.039	0.714	27.874	137.485	31.538	0.000	0.000	1.000	0.000	0.000	1.000	0.000
485.000	0.000	128.043	0.711	27.875	137.560	31.538	0.000	0.000	1.000	0.000	0.000	1.000	0.000
490.000	0.000	128.038	0.712	27.883	137.652	31.538	0.000	0.000	1.000	0.000	0.000	1.000	0.000
495.000	0.000	128.012	0.708	27.888	137.678	31.538	0.000	0.000	1.000	0.000	0.000	1.000	0.000
500.000	0.000	127.404	0.713	27.893	135.466	31.538	0.000	0.000	1.000	0.000	0.000	1.000	0.000
505.000	0.000	124.801	0.713	27.888	129.466	31.538	0.000	0.000	1.000	0.000	0.000	1.000	0.000
510.000	0.000	122.015	0.717	27.781	125.772	31.538	0.000	0.000	1.000	0.000	0.000	1.000	0.000
515.000	0.000	121.263	0.710	27.542	125.793	31.538	0.000	0.000	1.000	0.000	0.000	1.000	0.000
520.000	0.000	120.826	0.712	27.268	125.881	31.538	0.000	0.000	1.000	0.000	0.000	1.000	0.000
525.000	0.000	120.472	0.709	26.881	125.970	31.538	0.000	0.000	1.000	0.000	0.000	1.000	0.000
530.000	0.000	120.231	0.698	26.412	126.028	31.538	0.000	0.000	1.000	0.000	0.000	1.000	0.000
535.000	0.000	120.116	0.706	25.993	126.138	31.538	0.000	0.000	1.000	0.000	0.000	1.000	0.000
540.000	0.000	119.929	0.710	25.713	126.219	31.538	0.000	0.000	1.000	0.000	0.000	1.000	0.000
545.000	0.000	119.762	0.699	25.521	126.260	31.538	0.000	0.000	1.000	0.000	0.000	1.000	0.000
550.000	0.000	119.606	0.701	25.346	126.331	31.538	0.000	0.000	1.000	0.000	0.000	1.000	0.000
555.000	0.000	119.508	0.708	25.225	126.426	31.538	0.000	0.000	1.000	0.000	0.000	1.000	0.000
560.000	0.000	119.357	0.702	25.093	126.462	31.538	0.000	0.000	1.000	0.000	0.000	1.000	0.000
565.000	0.000	119.325	0.699	24.904	126.543	31.538	0.000	0.000	1.000	0.000	0.000	1.000	0.000
570.000	0.000	119.384	0.697	24.841	126.962	31.538	0.000	0.000	1.000	0.000	0.000	0.000	0.000
575.000	0.000	119.724	0.698	25.034	128.363	31.538	0.000	0.000	1.000	0.000	0.000	0.000	0.000
580.000	0.000	120.105	0.691	25.545	128.953	31.538	0.000	0.000	1.000	0.000	0.000	1.000	0.000
585.000	0.000	120.076	0.694	26.074	129.020	31.538	0.000	0.000	1.000	0.000	0.000	1.000	0.000
590.000	0.000	120.034	0.696	26.507	129.087	31.538	0.000	0.000	1.000	0.000	0.000	1.000	0.000
595.000	0.000	120.118	0.700	26.820	129.129	31.538	0.000	0.000	1.000	0.000	0.000	1.000	0.000
600.000	0.000	120.014	0.700	27.026	129.218	31.538	0.000	0.000	1.000	0.000	0.000	1.000	0.000
605.000	0.000	120.056	0.700	27.157	129.272	31.538	0.000	0.000	1.000	0.000	0.000	1.000	0.000
610.000	0.000	120.128	0.700	27.282	129.359	31.538	0.000	0.000	1.000	0.000	0.000	1.000	0.000
615.000	0.000	120.227	0.696	27.358	129.434	31.538	0.000	0.000	1.000	0.000	0.000	1.000	0.000
620.000	0.000	120.121	0.697	27.409	129.491	31.538	0.000	0.000	1.000	0.000	0.000	1.000	0.000
625.000	0.000	120.091	0.695	27.460	129.542	31.538	0.000	0.000	1.000	0.000	0.000	1.000	0.000
630.000	0.000	120.138	0.688	27.496	129.593	31.538	0.000	0.000	1.000	0.000	0.000	1.000	0.000
635.000	0.000	120.105	0.682	27.527	129.608	31.538	0.000	0.000	1.000	0.000	0.000	1.000	0.000
640.000	0.000	120.120	0.681	27.554	129.647	31.538	0.000	0.000	1.000	0.000	0.000	1.000	0.000
645.000	0.000	120.157	0.678	27.582	129.674	31.538	0.000	0.000	1.000	0.000	0.000	1.000	0.000
650.000	0.000	120.109	0.683	27.600	129.692	31.538	0.000	0.000	1.000	0.000	0.000	1.000	0.000
655.000	0.000	120.063	0.683	27.613	129.724	31.538	0.000	0.000	1.000	0.000	0.000	1.000	0.000
660.000	0.000	120.109	0.683	27.625	129.744	31.538	0.000	0.000	1.000	0.000	0.000	1.000	0.000
665.000	0.000	120.062	0.673	27.616	129.768	31.538	0.000	0.000	1.000	0.000	0.000	1.000	0.000
670.000	0.000	120.046	0.680	27.587	129.777	31.538	0.000	0.000	1.000	0.000	0.000	1.000	0.000
675.000	0.000	120.032	0.678	27.573	129.803	31.538	0.000	0.000	1.000	0.000	0.000	1.000	0.000
680.000	0.000	120.028	0.680	27.575	129.853	31.538	0.000	0.000	1.000	0.000	0.000	1.000	0.000
685.000	0.000	120.102	0.680	27.578	129.860	31.538	0.000	0.000	1.000	0.000	0.000	1.000	0.000
690.000	0.000	120.065	0.674	27.597	129.870	31.538	0.000	0.000	1.000	0.000	0.000	1.000	0.000
695.000	0.000	120.024	0.677	27.603	129.881	31.538	0.000	0.000	1.000	0.000	0.000	1.000	0.000
700.000	0.000	120.010	0.681	27.598	129.935	31.538	0.000	0.000	1.000	0.000	0.000	1.000	0.000
705.000	0.000	119.997	0.677	27.620	129.945	31.538	0.000	0.000	1.000	0.000	0.000	1.000	0.000
710.000	0.000	120.039	0.678	27.649	129.969	31.538	0.000	0.000	1.000	0.000	0.000	1.000	0.000
715.000	0.000	120.068	0.674	27.672	129.971	100.000	0.000	0.000	1.000	0.000	0.000	1.000	0.000
720.000	0.000	120.142	0.953	27.671	130.155	100.000	0.000	0.000	1.000	0.000	0.000	1.000	0.000
725.000	0.000	120.362	0.997	27.694	130.755	100.000	0.000	0.000	1.000	0.000	0.000	1.000	0.000
730.000	0.000	120.798	1.002	27.729	131.382	100.000	0.000	0.000	1.000	0.000	0.000	1.000	0.000
735.000	0.000	121.263	1.008	27.767	132.048	100.000	0.000	0.000	1.000	0.000	0.000	1.000	0.000
740.000	0.000	121.816	1.012	27.801	132.675	100.000	0.000	0.000	1.000	0.000	0.000	1.000	0.000
745.000	0.000	122.391	1.004	27.830	133.346	100.000	0.000	0.000	1.000	0.000	0.000	1.000	0.000
750.000	0.000	122.972	1.009	27.867	133.979	100.000	0.000	0.000	1.000	0.000	0.000	1.000	0.000
755.000	0.000	123.507	1.006	27.899	134.620	100.000	0.000	0.000	1.000	0.000	0.000	1.000	0.000
760.000	0.000	124.079	1.010	27.929	135.222	100.000	0.000	0.000	1.000	0.000	0.000	1.000	0.000
765.000	0.000	124.753	1.002	27.953	135.875	100.000	0.000	0.000	1.000	0.000	0.000	1.000	0.000
770.000	0.000	125.356	1.001	27.971	136.519	100.000	0.000	0.000	1.000	0.000	0.000	1.000	0.000
775.000	0.000	125.972	1.005	27.993	137.134	100.000	0.000	0.000	1.000	0.000	0.000	1.000	0.000
780.000	0.000	126.578	1.008	28.003	137.770	100.000	0.000	0.000	1.000	0.000	0.000	1.000	0.000
785.000	0.000	127.204	1.000	28.015	138.406	100.000	0.000	0.000	1.000	0.000	0.000	1.000	0.000
790.000	0.000	127.855	1.001	28.023	139.005	100.000	0.000	0.000	1.000	0.000	0.000	1.000	0.000
795.000	0.000	128.487	1.001	28.031	139.609	100.000	0.000	0.000	1.000	0.000	0.000	1.000	0.000
800.000	0.000	129.083	1.007	28.037	140.241	100.000	0.000	0.000	1.000	0.000	0.000	1.000	0.000
805.000	0.000	129.728	1.006	28.033	140.823	100.000	0.000	0.000	1.000	0.000	0.000	1.000	0.000
810.000	0.000	130.473	1.008	28.040	141.466	100.000	0.000	0.000	1.000	0.000	0.000	1.000	0.000
815.000	0.000	131.158	1.004	28.035	142.086	95.433	0.000	0.000	1.000	0.000	0.000	1.000	0.000
820.000	0.000	131.807	0.965	28.045	142.706	70.607	0.000	0.000	1.000	0.000	0.000	1.000	0.000
825.000	0.000	132.204	0.894	28.043	143.125	39.847	0.000	0.000	1.000	0.000	0.000	1.000	0.000
830.000	0.000	132.432	0.259	28.052	143.245	6.740	0.000	0.000	1.000	0.000	0.000	1.000	0.000
835.000	0.000	131.973	0.000	28.053	141.808	0.000	0.000	0.000	1.000	0.000	0.000	1.000	0.000
840.000	0.000	131.371	0.000	28.051	140.223	0.000	0.000	0.000	1.000	0.000	0.000	1.000	0.000
845.000	0.000	130.160	0.000	28.049	138.688	0.000	0.000	0.000	1.000	0.000	0.000	1.000	0.000
850.000	0.000	128.874	0.000	28.047	137.180	1.020	0.000	0.000	1.000	0.000	0.000	1.000	0.000
855.000	0.000	127.713	0.000	28.047	135.666	33.892	0.000	0.000	1.000	0.000	0.000	1.000	0.000
860.000	0.000	126.603	0.513	28.033	134.363	82.675	0.000	0.000	1.000	0.000	0.000	1.000	0.000
865.000	0.000	126.360	1.007	28.001	134.638	100.000	0.000	0.000	1.000	0.000	0.000	1.000	0.000
870.000	0.000	126.308	0.987	27.990	135.269	100.000	0.000	0.000	1.000	0.000	0.000	1.000	0.000
875.000	0.000	126.356	1.007	27.995	135.856	100.000	0.000	0.000	1.000	0.000	0.000	1.000	0.000
880.000	0.000	126.554	0.980	28.002	136.443	100.000	0.000	0.000	1.000	0.000	0.000	1.000	0.000
885.000	0.000	126.856	0.990	28.024	137.047	100.000	0.000	0.000	1.000	0.000	0.000	1.000	0.000
890.000	0.000	127.260	0.995	28.038	137.634	100.000	0.000	0.000	1.000	0.000	0.000	1.000	0.000
895.000	0.000	127.750	0.983	28.051	138.240	100.000	0.000	0.000	1.000	0.000	0.000	1.000	0.000
900.000	0.000	128.268	1.003	28.062	138.852	100.000	0.000	0.000	1.000	0.000	0.000	1.000	0.000
905.000	0.000	128.724	0.985	28.070	139.437	100.000	0.000	0.000	1.000	0.000	0.000	1.000	0.000
910.000	0.000	129.255	1.003	28.083	140.063	100.000	0.000	0.000	1.000	0.000	0.000	1.000	0.000
915.000	0.000	129.826	0.978	28.082	140.651	100.000	0.000	0.000	1.000	0.000	0.000	1.000	0.000
920.000	0.000	130.397	1.005	28.085	141.262	100.000	0.000	0.000	1.000	0.000	0.000	1.000	0.000
925.000	0.000	131.083	1.005	28.087	141.889	98.527	0.000	0.000	1.000	0.000	0.000	1.000	0.000
930.000	0.000	131.682	0.956	28.089	142.523	74.447	0.000	0.000	1.000	0.000	0.000	1.000	0.000
935.000	0.000	132.185	0.873	28.100	142.976	44.524	0.000	0.000	1.000	0.000	0.000	1.000	0.000
940.000	0.000	132.302	0.483	28.097	142.998	12.394	0.000	0.000	1.000	0.000	0.000	1.000	0.000
945.000	0.000	131.957	0.000	28.108	141.815	0.000	0.000	0.000	1.000	0.000	0.000	1.000	0.000
950.000	0.000	131.282	0.000	28.110	140.249	0.000	0.000	0.000	1.000	0.000	0.000	1.000	0.000
955.000	0.000	130.151	0.000	28.107	138.715	0.000	0.000	0.000	1.000	0.000	0.000	1.000	0.000
960.000	0.000	128.947	0.000	28.102	137.198	0.000	0.000	0.000	1.000	0.000	0.000	1.000	0.000
965.000	0.000	127.669	0.000	28.096	135.682	30.769	0.000	0.000	1.000	0.000	0.000	1.000	0.000
970.000	0.000	126.727	0.605	28.078	134.583	30.769	0.000	0.000	1.000	0.000	0.000	1.000	0.000
975.000	0.000	126.416	0.683	28.040	134.596	30.769	0.000	0.000	1.000	0.000	0.000	1.000	0.000
980.000	0.000	125.366	0.678	28.007	132.029	30.769	0.000	0.000	1.000	0.000	0.000	1.000	0.000
985.000	0.000	123.007	0.683	27.922	127.914	30.769	0.000	0.000	1.000	0.000	0.000	1.000	0.000
990.000	0.000	122.288	0.677	27.777	127.820	30.769	0.000	0.000	1.000	0.000	0.000	1.000	0.000
995.000	0.000	121.968	0.682	27.637	127.824	30.769	0.000	0.000	1.000	0.000	0.000	1.000	0.000
1000.000	0.000	121.687	0.685	27.539	127.865	30.769	0.000	0.000	1.000	0.000	0.000	1.000	0.000
1005.000	0.000	121.480	0.679	27.497	127.913	30.769	0.000	0.000	1.000	0.000	0.000	1.000	0.000
1010.000	0.000	121.331	0.691	27.483	127.915	30.769	0.000	0.000	1.000	0.000	0.000	1.000	0.000
1015.000	0.000	121.141	0.683	27.508	127.943	30.769	0.000	0.000	1.000	0.000	0.000	1.000	0.000
1020.000	0.000	121.020	0.674	27.520	127.973	30.769	0.000	0.000	1.000	0.000	0.000	1.000	0.000
1025.000	0.000	120.956	0.680	27.520	127.999	30.769	0.000	0.000	1.000	0.000	0.000	1.000	0.000
1030.000	0.000	120.839	0.683	27.528	128.045	30.769	0.000	0.000	1.000	0.000	0.000	1.000	0.000
1035.000	0.000	120.755	0.688	27.515	128.063	30.769	0.000	0.000	1.000	0.000	0.000	1.000	0.000
1040.000	0.000	120.553	0.683	27.487	128.080	30.769	0.000	0.000	1.000	0.000	0.000	1.000	0.000
1045.000	0.000	120.496	0.682	27.465	128.111	30.769	0.000	0.000	1.000	0.000	0.000	1.000	0.000
1050.000	0.000	120.430	0.683	27.464	128.133	30.769	0.000	0.000	1.000	0.000	0.000	1.000	0.000
1055.000	0.000	120.339	0.680	27.495	128.193	30.769	0.000	0.000	1.000	0.000	0.000	1.000	0.000
1060.000	0.000	120.235	0.686	27.505	128.189	30.769	0.000	0.000	1.000	0.000	0.000	1.000	0.000
1065.000	0.000	120.192	0.680	27.503	128.218	30.769	0.000	0.000	1.000	0.000	0.000	1.000	0.000
1070.000	0.000	120.106	0.677	27.502	128.244	30.769	0.000	0.000	1.000	0.000	0.000	1.000	0.000
1075.000	0.000	120.050	0.680	27.522	128.247	30.769	0.000	0.000	1.000	0.000	0.000	1.000	0.000
1080.000	0.000	120.019	0.679	27.539	128.294	30.769	0.000	0.000	1.000	0.000	0.000	1.000	0.000
1085.000	0.000	119.966	0.682	27.562	128.308	30.769	0.000	0.000	1.000	0.000	0.000	1.000	0.000
1090.000	0.000	119.926	0.675	27.582	128.313	30.769	0.000	0.000	1.000	0.000	0.000	1.000	0.000
1095.000	0.000	119.879	0.678	27.609	128.353	30.769	0.000	0.000	1.000	0.000	0.000	1.000	0.000
1100.000	0.000	119.809	0.678	27.629	128.369	30.769	0.000	0.000	1.000	0.000	0.000	1.000	0.000
1105.000	0.000	119.754	0.677	27.627	128.366	30.769	0.000	0.000	1.000	0.000	0.000	1.000	0.000
1110.000	0.000	119.741	0.680	27.626	128.421	30.769	0.000	0.000	1.000	0.000	0.000	1.000	0.000
1115.000	0.000	119.709	0.678	27.603	128.454	30.769	0.000	0.000	1.000	0.000	0.000	1.000	0.000
1120.000	0.000	119.715	0.675	27.598	128.480	30.769	0.000	0.000	1.000	0.000	0.000	1.000	0.000
1125.000	0.000	119.720	0.678	27.606	128.503	30.769	0.000	0.000	1.000	0.000	0.000	1.000	0.000
1130.000	0.000	119.685	0.681	27.638	128.537	30.769	0.000	0.000	1.000	0.000	0.000	1.000	0.000
1135.000	0.000	119.660	0.683	27.678	128.537	30.769	0.000	0.000	1.000	0.000	0.000	1.000	0.000
1140.000	0.000	119.707	0.683	27.724	128.566	30.769	0.000	0.000	1.000	0.000	0.000	1.000	0.000
1145.000	0.000	119.673	0.680	27.769	128.622	30.769	0.000	0.000	1.000	0.000	0.000	1.000	0.000
1150.000	0.000	119.630	0.677	27.796	128.613	30.769	0.000	0.000	1.000	0.000	0.000	1.000	0.000
1155.000	0.000	119.576	0.679	27.812	128.642	30.769	0.000	0.000	1.000	0.000	0.000	1.000	0.000
1160.000	0.000	119.620	0.678	27.820	128.693	30.769	0.000	0.000	1.000	0.000	0.000	1.000	0.000
1165.000	0.000	119.576	0.681	27.827	128.713	30.769	0.000	0.000	1.000	0.000	0.000	1.000	0.000
1170.000	0.000	119.616	0.672	27.840	128.712	30.769	0.000	0.000	1.000	0.000	0.000	1.000	0.000
1175.000	0.000	119.620	0.676	27.843	128.745	100.000	0.000	0.000	1.000	0.000	0.000	1.000	0.000
1180.000	0.000	119.596	0.884	27.848	128.795	100.000	0.000	0.000	1.000	0.000	0.000	1.000	0.000
1185.000	0.000	119.787	1.000	27.856	129.334	100.000	0.000	0.000	1.000	0.000	0.000	1.000	0.000
1190.000	0.000	119.864	0.972	27.880	129.955	100.000	0.000	0.000	1.000	0.000	0.000	1.000	0.000
1195.000	0.000	120.172	0.996	27.909	130.582	100.000	0.000	0.000	1.000	0.000	0.000	1.000	0.000
1200.000	0.000	120.597	0.976	27.947	131.203	100.000	0.000	0.000	1.000	0.000	0.000	1.000	0.000
1205.000	0.000	121.042	1.004	27.973	131.813	100.000	0.000	0.000	1.000	0.000	0.000	1.000	0.000
1210.000	0.000	121.485	0.974	27.997	132.442	100.000	0.000	0.000	1.000	0.000	0.000	1.000	0.000
1215.000	0.000	122.005	0.987	28.021	133.028	100.000	0.000	0.000	1.000	0.000	0.000	1.000	0.000
1220.000	0.000	122.478	0.979	28.038	133.604	100.000	0.000	0.000	1.000	0.000	0.000	1.000	0.000
1225.000	0.000	123.066	1.009	28.053	134.245	100.000	0.000	0.000	1.000	0.000	0.000	1.000	0.000
1230.000	0.000	123.673	0.986	28.079	134.847	100.000	0.000	0.000	1.000	0.000	0.000	1.000	0.000
1235.000	0.000	124.220	0.998	28.093	135.475	100.000	0.000	0.000	1.000	0.000	0.000	1.000	0.000
1240.000	0.000	124.859	0.979	28.108	136.063	100.000	0.000	0.000	1.000	0.000	0.000	1.000	0.000
1245.000	0.000	125.498	0.973	28.122	136.642	100.000	0.000	0.000	1.000	0.000	0.000	1.000	0.000
1250.000	0.000	126.075	0.997	28.137	137.212	100.000	0.000	0.000	1.000	0.000	0.000	1.000	0.000
1255.000	0.000	126.684	1.003	28.150	137.816	100.000	0.000	0.000	1.000	0.000	0.000	1.000	0.000
1260.000	0.000	127.255	0.998	28.155	138.436	100.000	0.000	0.000	1.000	0.000	0.000	1.000	0.000
1265.000	0.000	127.881	0.990	28.166	139.065	100.000	0.000	0.000	1.000	0.000	0.000	1.000	0.000
1270.000	0.000	128.560	0.997	28.174	139.656	99.814	0.000	0.000	1.000	0.000	0.000	1.000	0.000
1275.000	0.000	129.192	0.992	28.175	140.250	99.670	0.000	0.000	1.000	0.000	0.000	1.000	0.000
1280.000	0.000	129.698	0.997	28.177	140.860	99.670	0.000	0.000	1.000	0.000	0.000	1.000	0.000
1285.000	0.000	130.390	0.991	28.175	141.467	99.670	0.000	0.000	1.000	0.000	0.000	1.000	0.000
1290.000	0.000	131.022	0.986	28.184	142.032	98.641	0.000	0.000	1.000	0.000	0.000	1.000	0.000
1295.000	0.000	131.683	0.981	28.182	142.624	67.859	0.000	0.000	1.000	0.000	0.000	1.000	0.000
1300.000	0.000	132.143	0.751	28.186	143.011	32.094	0.000	0.000	1.000	0.000	0.000	1.000	0.000
1305.000	0.000	132.161	0.000	28.196	142.751	2.257	0.000	0.000	1.000	0.000	0.000	1.000	0.000
1310.000	0.000	131.704	0.000	28.194	141.165	0.000	0.000	0.000	1.000	0.000	0.000	1.000	0.000
1315.000	0.000	130.934	0.000	28.202	139.639	0.875	0.000	0.000	1.000	0.000	0.000	1.000	0.000
1320.000	0.000	129.574	0.000	28.195	138.117	0.875	0.000	0.000	1.000	0.000	0.000	1.000	0.000
1325.000	0.000	128.408	0.000	28.193	136.598	18.950	0.000	0.000	1.000	0.000	0.000	1.000	0.000
1330.000	0.000	127.151	0.000	28.188	135.090	75.007	0.000	0.000	1.000	0.000	0.000	1.000	0.000
1335.000	0.000	126.546	0.939	28.157	134.684	100.000	0.000	0.000	1.000	0.000	0.000	1.000	0.000
1340.000	0.000	126.514	0.974	28.133	135.274	100.000	0.000	0.000	1.000	0.000	0.000	1.000	0.000
1345.000	0.000	126.530	0.979	28.135	135.853	100.000	0.000	0.000	1.000	0.000	0.000	1.000	0.000
1350.000	0.000	126.711	0.991	28.144	136.476	100.000	0.000	0.000	1.000	0.000	0.000	1.000	0.000
1355.000	0.000	127.004	0.991	28.162	137.053	100.000	0.000	0.000	1.000	0.000	0.000	1.000	0.000
1360.000	0.000	127.435	0.994	28.179	137.682	100.000	0.000	0.000	1.000	0.000	0.000	1.000	0.000
1365.000	0.000	127.841	0.992	28.195	138.268	100.000	0.000	0.000	1.000	0.000	0.000	1.000	0.000
1370.000	0.000	128.343	0.993	28.207	138.879	100.000	0.000	0.000	1.000	0.000	0.000	1.000	0.000
1375.000	0.000	128.778	0.990	28.218	139.500	100.000	0.000	0.000	1.000	0.000	0.000	1.000	0.000
1380.000	0.000	129.279	0.990	28.221	140.082	99.996	0.000	0.000	1.000	0.000	0.000	1.000	0.000
1385.000	0.000	129.895	0.986	28.231	140.729	99.996	0.000	0.000	1.000	0.000	0.000	1.000	0.000
1390.000	0.000	130.487	0.993	28.236	141.310	99.996	0.000	0.000	1.000	0.000	0.000	1.000	0.000
1395.000	0.000	131.091	0.994	28.236	141.906	97.797	0.000	0.000	1.000	0.000	0.000	1.000	0.000
1400.000	0.000	131.643	0.956	28.237	142.480	67.935	0.000	0.000	1.000	0.000	0.000	1.000	0.000
1405.000	0.000	132.020	0.817	28.244	142.873	34.712	0.000	0.000	1.000	0.000	0.000	1.000	0.000
1410.000	0.000	132.101	0.117	28.249	142.771	5.013	0.000	0.000	1.000	0.000	0.000	1.000	0.000
1415.000	0.000	131.650	0.000	28.253	141.244	0.000	0.000	0.000	1.000	0.000	0.000	1.000	0.000
1420.000	0.000	130.918	0.000	28.254	139.717	0.373	0.000	0.000	1.000	0.000	0.000	1.000	0.000
1425.000	0.000	129.580	0.000	28.257	138.215	0.373	0.000	0.000	1.000	0.000	0.000	1.000	0.000
1430.000	0.000	128.453	0.000	28.251	136.700	4.641	0.000	0.000	1.000	0.000	0.000	1.000	0.000
1435.000	0.000	127.193	0.000	28.248	135.206	4.641	0.000	0.000	1.000	0.000	0.000	1.000	0.000
1440.000	0.000	126.121	0.000	28.223	133.705	4.641	0.000	0.000	1.000	0.000	0.000	1.000	0.000
