Tuesday, 4 September 2018	9:41:51 AM
Time(s)	SPH-1	SN-1	SC-1	ST-1	SP-1	AVP-1	AR-1	AA-1	AB-1	AB-2	AVS-1	AVS-2	AVS-3
0.000	0.000	126.337	0.647	25.354	135.176	30.000	0.000	0.000	1.000	0.000	0.000	1.000	0.000
1.000	0.000	126.322	0.640	25.354	135.177	30.000	0.000	0.000	1.000	0.000	0.000	1.000	0.000
2.000	0.000	126.341	0.640	25.353	135.148	30.000	0.000	0.000	1.000	0.000	0.000	1.000	0.000
3.000	0.000	126.343	0.643	25.357	135.124	30.000	0.000	0.000	1.000	0.000	0.000	1.000	0.000
5.000	0.000	126.325	0.649	25.363	135.101	30.000	0.000	0.000	1.000	0.000	0.000	1.000	0.000
10.000	0.000	126.275	0.643	25.366	135.104	30.000	0.000	0.000	1.000	0.000	0.000	1.000	0.000
15.000	0.000	126.227	0.642	25.375	135.055	30.000	0.000	0.000	1.000	0.000	0.000	1.000	0.000
20.000	0.000	126.132	0.641	25.378	134.993	30.000	0.000	0.000	1.000	0.000	0.000	1.000	0.000
25.000	0.000	126.091	0.638	25.390	134.963	30.000	0.000	0.000	1.000	0.000	0.000	1.000	0.000
30.000	0.000	126.005	0.647	25.390	134.850	30.000	0.000	0.000	1.000	0.000	0.000	1.000	0.000
35.000	0.000	125.951	0.650	25.397	134.827	30.000	0.000	0.000	1.000	0.000	0.000	1.000	0.000
40.000	0.000	125.934	0.639	25.406	134.790	30.000	0.000	0.000	1.000	0.000	0.000	1.000	0.000
45.000	0.000	125.922	0.644	25.413	134.733	30.000	0.000	0.000	1.000	0.000	0.000	1.000	0.000
50.000	0.000	125.854	0.643	25.414	134.677	30.000	0.000	0.000	1.000	0.000	0.000	1.000	0.000
55.000	0.000	125.810	0.639	25.417	134.615	30.000	0.000	0.000	1.000	0.000	0.000	1.000	0.000
60.000	0.000	125.787	0.638	25.422	134.550	30.000	0.000	0.000	1.000	0.000	0.000	1.000	0.000
65.000	0.000	125.659	0.641	25.431	134.493	30.000	0.000	0.000	1.000	0.000	0.000	1.000	0.000
70.000	0.000	125.610	0.647	25.439	134.422	30.000	0.000	0.000	1.000	0.000	0.000	1.000	0.000
75.000	0.000	125.568	0.642	25.441	134.381	30.000	0.000	0.000	1.000	0.000	0.000	1.000	0.000
80.000	0.000	125.505	0.641	25.444	134.309	30.000	0.000	0.000	1.000	0.000	0.000	1.000	0.000
85.000	0.000	125.407	0.639	25.449	134.252	30.000	0.000	0.000	1.000	0.000	0.000	1.000	0.000
90.000	0.000	125.407	0.638	25.452	134.191	30.000	0.000	0.000	1.000	0.000	0.000	1.000	0.000
95.000	0.000	125.331	0.641	25.458	134.142	30.000	0.000	0.000	1.000	0.000	0.000	1.000	0.000
100.000	0.000	125.261	0.640	25.463	134.079	30.000	0.000	0.000	1.000	0.000	0.000	1.000	0.000
105.000	0.000	125.183	0.646	25.468	134.041	30.000	0.000	0.000	1.000	0.000	0.000	1.000	0.000
110.000	0.000	125.186	0.638	25.476	133.987	30.000	0.000	0.000	1.000	0.000	0.000	1.000	0.000
115.000	0.000	125.075	0.640	25.478	133.941	30.000	0.000	0.000	1.000	0.000	0.000	1.000	0.000
120.000	0.000	124.979	0.645	25.481	133.877	30.000	0.000	0.000	1.000	0.000	0.000	1.000	0.000
125.000	0.000	124.977	0.645	25.485	133.821	30.000	0.000	0.000	1.000	0.000	0.000	1.000	0.000
130.000	0.000	124.903	0.646	25.493	133.778	30.000	0.000	0.000	1.000	0.000	0.000	1.000	0.000
135.000	0.000	124.812	0.644	25.498	133.721	30.000	0.000	0.000	1.000	0.000	0.000	1.000	0.000
140.000	0.000	124.773	0.648	25.506	133.663	30.000	0.000	0.000	1.000	0.000	0.000	1.000	0.000
145.000	0.000	124.803	0.642	25.505	133.631	30.000	0.000	0.000	1.000	0.000	0.000	1.000	0.000
150.000	0.000	124.728	0.648	25.507	133.533	30.000	0.000	0.000	1.000	0.000	0.000	1.000	0.000
155.000	0.000	124.650	0.639	25.510	133.506	30.000	0.000	0.000	1.000	0.000	0.000	1.000	0.000
160.000	0.000	124.538	0.642	25.514	133.433	30.000	0.000	0.000	1.000	0.000	0.000	1.000	0.000
165.000	0.000	124.605	0.640	25.517	133.382	30.000	0.000	0.000	1.000	0.000	0.000	1.000	0.000
170.000	0.000	124.487	0.643	25.524	133.314	30.000	0.000	0.000	1.000	0.000	0.000	1.000	0.000
175.000	0.000	124.426	0.647	25.533	133.316	30.000	0.000	0.000	1.000	0.000	0.000	1.000	0.000
180.000	0.000	124.372	0.641	25.544	133.237	30.000	0.000	0.000	1.000	0.000	0.000	1.000	0.000
185.000	0.000	124.385	0.643	25.551	133.198	30.000	0.000	0.000	1.000	0.000	0.000	1.000	0.000
190.000	0.000	124.367	0.641	25.558	133.145	30.000	0.000	0.000	1.000	0.000	0.000	1.000	0.000
195.000	0.000	124.252	0.640	25.562	133.051	30.000	0.000	0.000	1.000	0.000	0.000	1.000	0.000
200.000	0.000	124.251	0.645	25.574	133.022	30.000	0.000	0.000	1.000	0.000	0.000	1.000	0.000
205.000	0.000	124.297	0.647	25.569	132.961	30.000	0.000	0.000	1.000	0.000	0.000	1.000	0.000
210.000	0.000	124.179	0.641	25.574	132.907	30.000	0.000	0.000	1.000	0.000	0.000	1.000	0.000
215.000	0.000	124.147	0.645	25.580	132.874	30.000	0.000	0.000	1.000	0.000	0.000	1.000	0.000
220.000	0.000	124.109	0.642	25.593	132.835	30.000	0.000	0.000	1.000	0.000	0.000	1.000	0.000
225.000	0.000	124.041	0.642	25.586	132.774	30.000	0.000	0.000	1.000	0.000	0.000	1.000	0.000
230.000	0.000	123.949	0.650	25.584	132.706	30.000	0.000	0.000	1.000	0.000	0.000	1.000	0.000
235.000	0.000	123.920	0.645	25.588	132.680	30.000	0.000	0.000	1.000	0.000	0.000	1.000	0.000
240.000	0.000	123.861	0.647	25.591	132.624	30.000	0.000	0.000	1.000	0.000	0.000	1.000	0.000
245.000	0.000	123.794	0.642	25.604	132.579	30.000	0.000	0.000	1.000	0.000	0.000	1.000	0.000
250.000	0.000	123.771	0.647	25.610	132.497	30.000	0.000	0.000	1.000	0.000	0.000	1.000	0.000
255.000	0.000	123.682	0.642	25.614	132.461	30.000	0.000	0.000	1.000	0.000	0.000	1.000	0.000
260.000	0.000	123.633	0.642	25.620	132.391	30.000	0.000	0.000	1.000	0.000	0.000	1.000	0.000
265.000	0.000	123.556	0.651	25.628	132.358	30.000	0.000	0.000	1.000	0.000	0.000	1.000	0.000
270.000	0.000	123.487	0.649	25.638	132.287	30.000	0.000	0.000	1.000	0.000	0.000	1.000	0.000
275.000	0.000	123.478	0.648	25.643	132.244	30.000	0.000	0.000	1.000	0.000	0.000	1.000	0.000
280.000	0.000	123.393	0.650	25.642	132.186	30.000	0.000	0.000	1.000	0.000	0.000	1.000	0.000
285.000	0.000	123.331	0.645	25.646	132.110	30.000	0.000	0.000	1.000	0.000	0.000	1.000	0.000
290.000	0.000	123.347	0.642	25.651	132.080	30.000	0.000	0.000	1.000	0.000	0.000	1.000	0.000
295.000	0.000	123.271	0.648	25.644	132.031	30.000	0.000	0.000	1.000	0.000	0.000	1.000	0.000
300.000	0.000	123.254	0.641	25.634	131.997	30.000	0.000	0.000	1.000	0.000	0.000	1.000	0.000
305.000	0.000	123.221	0.643	25.641	131.957	30.000	0.000	0.000	1.000	0.000	0.000	1.000	0.000
310.000	0.000	123.122	0.646	25.649	131.886	30.000	0.000	0.000	1.000	0.000	0.000	1.000	0.000
315.000	0.000	123.118	0.643	25.656	131.839	30.000	0.000	0.000	1.000	0.000	0.000	1.000	0.000
320.000	0.000	123.088	0.638	25.666	131.795	30.000	0.000	0.000	1.000	0.000	0.000	1.000	0.000
325.000	0.000	123.043	0.645	25.676	131.725	30.000	0.000	0.000	1.000	0.000	0.000	1.000	0.000
330.000	0.000	123.019	0.638	25.687	131.706	30.000	0.000	0.000	1.000	0.000	0.000	1.000	0.000
335.000	0.000	122.964	0.639	25.690	131.617	30.000	0.000	0.000	1.000	0.000	0.000	1.000	0.000
340.000	0.000	122.937	0.640	25.688	131.577	30.000	0.000	0.000	1.000	0.000	0.000	1.000	0.000
345.000	0.000	122.864	0.642	25.697	131.525	30.000	0.000	0.000	1.000	0.000	0.000	1.000	0.000
350.000	0.000	122.812	0.645	25.711	131.463	30.000	0.000	0.000	1.000	0.000	0.000	1.000	0.000
355.000	0.000	122.761	0.643	25.720	131.410	30.000	0.000	0.000	1.000	0.000	0.000	1.000	0.000
360.000	0.000	122.694	0.641	25.720	131.382	30.000	0.000	0.000	1.000	0.000	0.000	1.000	0.000
365.000	0.000	122.709	0.642	25.724	131.334	30.000	0.000	0.000	1.000	0.000	0.000	1.000	0.000
370.000	0.000	122.669	0.639	25.725	131.272	30.000	0.000	0.000	1.000	0.000	0.000	1.000	0.000
375.000	0.000	122.552	0.636	25.720	131.200	30.000	0.000	0.000	1.000	0.000	0.000	1.000	0.000
380.000	0.000	122.517	0.636	25.723	131.135	30.000	0.000	0.000	1.000	0.000	0.000	1.000	0.000
385.000	0.000	122.466	0.635	25.724	131.096	30.000	0.000	0.000	1.000	0.000	0.000	1.000	0.000
390.000	0.000	122.406	0.636	25.735	131.038	30.000	0.000	0.000	1.000	0.000	0.000	1.000	0.000
395.000	0.000	122.398	0.641	25.742	130.999	30.000	0.000	0.000	1.000	0.000	0.000	1.000	0.000
400.000	0.000	122.352	0.641	25.740	130.993	30.000	0.000	0.000	1.000	0.000	0.000	1.000	0.000
405.000	0.000	122.319	0.638	25.754	130.917	30.000	0.000	0.000	1.000	0.000	0.000	1.000	0.000
410.000	0.000	122.228	0.637	25.751	130.842	30.000	0.000	0.000	1.000	0.000	0.000	1.000	0.000
415.000	0.000	122.215	0.640	25.746	130.806	30.000	0.000	0.000	1.000	0.000	0.000	1.000	0.000
420.000	0.000	122.172	0.636	25.758	130.782	30.000	0.000	0.000	1.000	0.000	0.000	1.000	0.000
425.000	0.000	122.085	0.641	25.759	130.712	30.000	0.000	0.000	1.000	0.000	0.000	1.000	0.000
430.000	0.000	122.102	0.642	25.747	130.633	30.000	0.000	0.000	1.000	0.000	0.000	1.000	0.000
435.000	0.000	122.044	0.642	25.749	130.612	30.000	0.000	0.000	1.000	0.000	0.000	1.000	0.000
440.000	0.000	121.976	0.642	25.749	130.558	30.000	0.000	0.000	1.000	0.000	0.000	1.000	0.000
445.000	0.000	122.000	0.644	25.747	130.502	30.000	0.000	0.000	1.000	0.000	0.000	1.000	0.000
450.000	0.000	121.941	0.638	25.762	130.456	30.000	0.000	0.000	1.000	0.000	0.000	1.000	0.000
455.000	0.000	121.936	0.640	25.758	130.382	30.000	0.000	0.000	1.000	0.000	0.000	1.000	0.000
460.000	0.000	121.882	0.643	25.766	130.360	30.000	0.000	0.000	1.000	0.000	0.000	1.000	0.000
465.000	0.000	121.825	0.641	25.776	130.308	30.000	0.000	0.000	1.000	0.000	0.000	1.000	0.000
470.000	0.000	121.791	0.645	25.784	130.238	30.000	0.000	0.000	1.000	0.000	0.000	1.000	0.000
475.000	0.000	121.744	0.640	25.782	130.189	30.000	0.000	0.000	1.000	0.000	0.000	1.000	0.000
480.000	0.000	121.672	0.641	25.791	130.129	30.000	0.000	0.000	1.000	0.000	0.000	1.000	0.000
485.000	0.000	121.632	0.640	25.788	130.075	30.000	0.000	0.000	1.000	0.000	0.000	1.000	0.000
490.000	0.000	121.569	0.638	25.766	130.027	30.000	0.000	0.000	1.000	0.000	0.000	1.000	0.000
495.000	0.000	121.494	0.641	25.756	129.990	30.000	0.000	0.000	1.000	0.000	0.000	1.000	0.000
500.000	0.000	121.451	0.644	25.769	129.944	30.000	0.000	0.000	1.000	0.000	0.000	1.000	0.000
505.000	0.000	121.437	0.643	25.795	129.870	30.000	0.000	0.000	1.000	0.000	0.000	1.000	0.000
510.000	0.000	121.388	0.641	25.810	129.823	30.000	0.000	0.000	1.000	0.000	0.000	1.000	0.000
515.000	0.000	121.361	0.640	25.823	129.773	30.000	0.000	0.000	1.000	0.000	0.000	1.000	0.000
520.000	0.000	121.321	0.640	25.831	129.694	30.000	0.000	0.000	1.000	0.000	0.000	1.000	0.000
525.000	0.000	121.249	0.643	25.844	129.654	30.000	0.000	0.000	1.000	0.000	0.000	1.000	0.000
530.000	0.000	121.204	0.635	25.849	129.605	30.000	0.000	0.000	1.000	0.000	0.000	1.000	0.000
535.000	0.000	121.145	0.638	25.846	129.572	30.000	0.000	0.000	1.000	0.000	0.000	1.000	0.000
540.000	0.000	121.101	0.637	25.848	129.501	30.000	0.000	0.000	1.000	0.000	0.000	1.000	0.000
545.000	0.000	121.072	0.634	25.834	129.435	30.000	0.000	0.000	1.000	0.000	0.000	1.000	0.000
550.000	0.000	121.073	0.641	25.817	129.381	30.000	0.000	0.000	1.000	0.000	0.000	1.000	0.000
555.000	0.000	120.982	0.640	25.816	129.372	30.000	0.000	0.000	1.000	0.000	0.000	1.000	0.000
560.000	0.000	120.951	0.638	25.830	129.295	30.000	0.000	0.000	1.000	0.000	0.000	1.000	0.000
565.000	0.000	120.865	0.642	25.839	129.247	30.000	0.000	0.000	1.000	0.000	0.000	1.000	0.000
570.000	0.000	120.832	0.641	25.818	129.183	30.000	0.000	0.000	1.000	0.000	0.000	1.000	0.000
575.000	0.000	120.864	0.634	25.811	129.157	30.000	0.000	0.000	1.000	0.000	0.000	1.000	0.000
580.000	0.000	120.787	0.645	25.815	129.078	30.000	0.000	0.000	1.000	0.000	0.000	1.000	0.000
585.000	0.000	120.686	0.648	25.834	129.068	30.000	0.000	0.000	1.000	0.000	0.000	1.000	0.000
590.000	0.000	120.658	0.642	25.851	129.027	30.000	0.000	0.000	1.000	0.000	0.000	1.000	0.000
595.000	0.000	120.605	0.643	25.857	128.932	30.000	0.000	0.000	1.000	0.000	0.000	1.000	0.000
600.000	0.000	120.528	0.645	25.863	128.879	30.000	0.000	0.000	1.000	0.000	0.000	1.000	0.000
605.000	0.000	120.523	0.639	25.843	128.831	30.000	0.000	0.000	1.000	0.000	0.000	1.000	0.000
610.000	0.000	120.472	0.641	25.831	128.808	30.000	0.000	0.000	1.000	0.000	0.000	1.000	0.000
615.000	0.000	120.453	0.645	25.847	128.747	30.000	0.000	0.000	1.000	0.000	0.000	1.000	0.000
620.000	0.000	120.402	0.642	25.850	128.697	30.000	0.000	0.000	1.000	0.000	0.000	1.000	0.000
625.000	0.000	120.371	0.638	25.861	128.645	30.000	0.000	0.000	1.000	0.000	0.000	1.000	0.000
630.000	0.000	120.302	0.643	25.864	128.620	30.000	0.000	0.000	1.000	0.000	0.000	1.000	0.000
635.000	0.000	120.280	0.639	25.872	128.567	30.000	0.000	0.000	1.000	0.000	0.000	1.000	0.000
640.000	0.000	120.232	0.644	25.876	128.544	30.000	0.000	0.000	1.000	0.000	0.000	1.000	0.000
645.000	0.000	120.192	0.639	25.851	128.492	30.000	0.000	0.000	1.000	0.000	0.000	1.000	0.000
650.000	0.000	120.161	0.643	25.850	128.451	30.000	0.000	0.000	1.000	0.000	0.000	1.000	0.000
655.000	0.000	120.133	0.638	25.865	128.391	30.000	0.000	0.000	1.000	0.000	0.000	1.000	0.000
660.000	0.000	120.062	0.637	25.873	128.343	30.000	0.000	0.000	1.000	0.000	0.000	1.000	0.000
665.000	0.000	120.093	0.637	25.873	128.307	30.000	0.000	0.000	1.000	0.000	0.000	1.000	0.000
670.000	0.000	120.055	0.645	25.869	128.263	30.000	0.000	0.000	1.000	0.000	0.000	1.000	0.000
675.000	0.000	119.986	0.639	25.868	128.193	30.000	0.000	0.000	1.000	0.000	0.000	1.000	0.000
680.000	0.000	119.961	0.641	25.852	128.160	30.000	0.000	0.000	1.000	0.000	0.000	1.000	0.000
685.000	0.000	119.910	0.638	25.840	128.094	75.695	0.000	0.000	1.000	0.000	0.000	1.000	0.000
690.000	0.000	119.875	0.671	25.851	128.054	100.000	0.000	0.000	1.000	0.000	0.000	1.000	0.000
695.000	0.000	119.970	0.930	25.862	128.412	100.000	0.000	0.000	1.000	0.000	0.000	1.000	0.000
700.000	0.000	120.096	0.934	25.868	128.891	100.000	0.000	0.000	1.000	0.000	0.000	1.000	0.000
705.000	0.000	120.120	0.933	25.898	129.409	100.000	0.000	0.000	1.000	0.000	0.000	1.000	0.000
710.000	0.000	120.249	0.941	25.929	129.924	100.000	0.000	0.000	1.000	0.000	0.000	1.000	0.000
715.000	0.000	120.427	0.944	25.969	130.508	100.000	0.000	0.000	1.000	0.000	0.000	1.000	0.000
720.000	0.000	120.650	0.946	26.007	131.023	100.000	0.000	0.000	1.000	0.000	0.000	1.000	0.000
725.000	0.000	120.917	0.949	26.042	131.573	100.000	0.000	0.000	1.000	0.000	0.000	1.000	0.000
730.000	0.000	121.296	0.940	26.079	132.120	100.000	0.000	0.000	1.000	0.000	0.000	1.000	0.000
735.000	0.000	121.708	0.940	26.112	132.662	100.000	0.000	0.000	1.000	0.000	0.000	1.000	0.000
740.000	0.000	122.131	0.936	26.135	133.160	100.000	0.000	0.000	1.000	0.000	0.000	1.000	0.000
745.000	0.000	122.628	0.933	26.156	133.694	100.000	0.000	0.000	1.000	0.000	0.000	1.000	0.000
750.000	0.000	123.120	0.945	26.178	134.198	100.000	0.000	0.000	1.000	0.000	0.000	1.000	0.000
755.000	0.000	123.617	0.946	26.195	134.736	100.000	0.000	0.000	1.000	0.000	0.000	1.000	0.000
760.000	0.000	124.063	0.935	26.215	135.229	100.000	0.000	0.000	1.000	0.000	0.000	1.000	0.000
765.000	0.000	124.556	0.940	26.223	135.752	100.000	0.000	0.000	1.000	0.000	0.000	1.000	0.000
770.000	0.000	125.060	0.933	26.234	136.240	100.000	0.000	0.000	1.000	0.000	0.000	1.000	0.000
775.000	0.000	125.504	0.931	26.243	136.738	100.000	0.000	0.000	1.000	0.000	0.000	1.000	0.000
780.000	0.000	126.003	0.929	26.249	137.237	100.000	0.000	0.000	1.000	0.000	0.000	1.000	0.000
785.000	0.000	126.544	0.935	26.259	137.702	100.000	0.000	0.000	1.000	0.000	0.000	1.000	0.000
790.000	0.000	127.039	0.934	26.264	138.223	100.000	0.000	0.000	1.000	0.000	0.000	1.000	0.000
795.000	0.000	127.524	0.928	26.265	138.693	100.000	0.000	0.000	1.000	0.000	0.000	1.000	0.000
800.000	0.000	128.044	0.933	26.265	139.213	100.000	0.000	0.000	1.000	0.000	0.000	1.000	0.000
805.000	0.000	128.518	0.942	26.275	139.678	100.000	0.000	0.000	1.000	0.000	0.000	1.000	0.000
810.000	0.000	129.011	0.937	26.279	140.150	100.000	0.000	0.000	1.000	0.000	0.000	1.000	0.000
815.000	0.000	129.495	0.930	26.287	140.663	100.000	0.000	0.000	1.000	0.000	0.000	1.000	0.000
820.000	0.000	129.998	0.938	26.285	141.174	100.000	0.000	0.000	1.000	0.000	0.000	1.000	0.000
825.000	0.000	130.565	0.935	26.290	141.667	100.000	0.000	0.000	1.000	0.000	0.000	1.000	0.000
830.000	0.000	131.115	0.931	26.293	142.146	97.372	0.000	0.000	1.000	0.000	0.000	1.000	0.000
835.000	0.000	131.633	0.939	26.289	142.629	79.628	0.000	0.000	1.000	0.000	0.000	1.000	0.000
840.000	0.000	132.109	0.850	26.307	142.982	51.275	0.000	0.000	1.000	0.000	0.000	1.000	0.000
845.000	0.000	132.303	0.000	26.310	143.032	0.000	0.000	0.000	1.000	0.000	0.000	1.000	0.000
850.000	0.000	131.854	0.000	26.312	141.454	0.000	0.000	0.000	1.000	0.000	0.000	1.000	0.000
855.000	0.000	131.261	0.000	26.313	139.925	0.000	0.000	0.000	1.000	0.000	0.000	1.000	0.000
860.000	0.000	130.220	0.000	26.313	138.390	0.000	0.000	0.000	1.000	0.000	0.000	1.000	0.000
865.000	0.000	129.046	0.000	26.315	136.917	0.000	0.000	0.000	1.000	0.000	0.000	1.000	0.000
870.000	0.000	127.874	0.000	26.312	135.405	19.619	0.000	0.000	1.000	0.000	0.000	1.000	0.000
875.000	0.000	126.598	0.000	26.299	133.884	100.000	0.000	0.000	1.000	0.000	0.000	1.000	0.000
880.000	0.000	125.900	0.857	26.272	133.246	100.000	0.000	0.000	1.000	0.000	0.000	1.000	0.000
885.000	0.000	125.829	0.923	26.258	133.734	100.000	0.000	0.000	1.000	0.000	0.000	1.000	0.000
890.000	0.000	125.763	0.913	26.238	134.198	100.000	0.000	0.000	1.000	0.000	0.000	1.000	0.000
895.000	0.000	125.804	0.898	26.249	134.656	100.000	0.000	0.000	1.000	0.000	0.000	1.000	0.000
900.000	0.000	125.897	0.912	26.265	135.125	100.000	0.000	0.000	1.000	0.000	0.000	1.000	0.000
905.000	0.000	126.058	0.901	26.283	135.589	100.000	0.000	0.000	1.000	0.000	0.000	1.000	0.000
910.000	0.000	126.310	0.918	26.316	136.012	100.000	0.000	0.000	1.000	0.000	0.000	1.000	0.000
915.000	0.000	126.615	0.898	26.331	136.487	100.000	0.000	0.000	1.000	0.000	0.000	1.000	0.000
920.000	0.000	126.864	0.892	26.342	136.934	100.000	0.000	0.000	1.000	0.000	0.000	1.000	0.000
925.000	0.000	127.164	0.886	26.352	137.322	100.000	0.000	0.000	1.000	0.000	0.000	1.000	0.000
930.000	0.000	127.435	0.887	26.362	137.748	100.000	0.000	0.000	1.000	0.000	0.000	1.000	0.000
935.000	0.000	127.824	0.886	26.373	138.189	100.000	0.000	0.000	1.000	0.000	0.000	1.000	0.000
940.000	0.000	128.103	0.887	26.372	138.619	100.000	0.000	0.000	1.000	0.000	0.000	1.000	0.000
945.000	0.000	128.428	0.887	26.382	138.989	100.000	0.000	0.000	1.000	0.000	0.000	1.000	0.000
950.000	0.000	128.773	0.874	26.387	139.427	100.000	0.000	0.000	1.000	0.000	0.000	1.000	0.000
955.000	0.000	129.169	0.891	26.390	139.850	100.000	0.000	0.000	1.000	0.000	0.000	1.000	0.000
960.000	0.000	129.563	0.886	26.392	140.276	100.000	0.000	0.000	1.000	0.000	0.000	1.000	0.000
965.000	0.000	129.974	0.887	26.393	140.696	100.000	0.000	0.000	1.000	0.000	0.000	1.000	0.000
970.000	0.000	130.385	0.890	26.396	141.132	100.000	0.000	0.000	1.000	0.000	0.000	1.000	0.000
975.000	0.000	130.796	0.828	26.398	141.538	30.769	0.000	0.000	1.000	0.000	0.000	1.000	0.000
980.000	0.000	130.918	0.532	26.402	141.494	30.769	0.000	0.000	1.000	0.000	0.000	1.000	0.000
985.000	0.000	130.122	0.580	26.406	139.035	30.769	0.000	0.000	1.000	0.000	0.000	1.000	0.000
990.000	0.000	126.510	0.674	26.403	131.155	30.769	0.000	0.000	1.000	0.000	0.000	1.000	0.000
995.000	0.000	124.960	0.478	26.343	129.456	30.769	0.000	0.000	1.000	0.000	0.000	1.000	0.000
1000.000	0.000	124.418	0.493	26.287	129.349	30.769	0.000	0.000	1.000	0.000	0.000	1.000	0.000
1005.000	0.000	123.824	0.643	26.229	128.998	30.769	0.000	0.000	1.000	0.000	0.000	1.000	0.000
1010.000	0.000	123.346	0.416	26.190	128.817	30.769	0.000	0.000	1.000	0.000	0.000	1.000	0.000
1015.000	0.000	122.943	0.659	26.170	128.640	30.769	0.000	0.000	1.000	0.000	0.000	1.000	0.000
1020.000	0.000	122.778	0.666	26.178	128.635	30.769	0.000	0.000	1.000	0.000	0.000	1.000	0.000
1025.000	0.000	122.593	0.670	26.182	128.632	30.769	0.000	0.000	1.000	0.000	0.000	1.000	0.000
1030.000	0.000	122.484	0.663	26.186	128.649	30.769	0.000	0.000	1.000	0.000	0.000	1.000	0.000
1035.000	0.000	122.286	0.652	26.174	128.619	30.769	0.000	0.000	1.000	0.000	0.000	1.000	0.000
1040.000	0.000	122.177	0.653	26.163	128.587	30.769	0.000	0.000	1.000	0.000	0.000	1.000	0.000
1045.000	0.000	122.113	0.652	26.144	128.575	30.769	0.000	0.000	1.000	0.000	0.000	1.000	0.000
1050.000	0.000	122.019	0.651	26.141	128.563	30.769	0.000	0.000	1.000	0.000	0.000	1.000	0.000
1055.000	0.000	121.861	0.651	26.133	128.560	30.769	0.000	0.000	1.000	0.000	0.000	1.000	0.000
1060.000	0.000	121.699	0.656	26.116	128.499	30.769	0.000	0.000	1.000	0.000	0.000	1.000	0.000
1065.000	0.000	121.613	0.651	26.092	128.495	30.769	0.000	0.000	1.000	0.000	0.000	1.000	0.000
1070.000	0.000	121.538	0.651	26.107	128.468	30.769	0.000	0.000	1.000	0.000	0.000	1.000	0.000
1075.000	0.000	121.409	0.645	26.113	128.448	30.769	0.000	0.000	1.000	0.000	0.000	1.000	0.000
1080.000	0.000	121.345	0.649	26.086	128.439	30.769	0.000	0.000	1.000	0.000	0.000	1.000	0.000
1085.000	0.000	121.239	0.660	26.065	128.443	30.769	0.000	0.000	1.000	0.000	0.000	1.000	0.000
1090.000	0.000	121.180	0.652	26.065	128.414	30.769	0.000	0.000	1.000	0.000	0.000	1.000	0.000
1095.000	0.000	121.095	0.653	26.088	128.369	30.769	0.000	0.000	1.000	0.000	0.000	1.000	0.000
1100.000	0.000	121.041	0.644	26.104	128.339	30.769	0.000	0.000	1.000	0.000	0.000	1.000	0.000
1105.000	0.000	120.974	0.641	26.099	128.301	30.769	0.000	0.000	1.000	0.000	0.000	1.000	0.000
1110.000	0.000	120.884	0.644	26.088	128.251	30.769	0.000	0.000	1.000	0.000	0.000	1.000	0.000
1115.000	0.000	120.775	0.645	26.081	128.238	30.769	0.000	0.000	1.000	0.000	0.000	1.000	0.000
1120.000	0.000	120.742	0.646	26.096	128.174	30.769	0.000	0.000	1.000	0.000	0.000	1.000	0.000
1125.000	0.000	120.667	0.645	26.121	128.148	30.769	0.000	0.000	1.000	0.000	0.000	1.000	0.000
1130.000	0.000	120.555	0.642	26.107	128.113	30.769	0.000	0.000	1.000	0.000	0.000	1.000	0.000
1135.000	0.000	120.453	0.647	26.095	128.054	30.769	0.000	0.000	1.000	0.000	0.000	1.000	0.000
1140.000	0.000	120.324	0.645	26.098	128.001	30.769	0.000	0.000	1.000	0.000	0.000	1.000	0.000
1145.000	0.000	120.210	0.644	26.090	127.964	30.769	0.000	0.000	1.000	0.000	0.000	1.000	0.000
1150.000	0.000	120.128	0.643	26.077	127.934	30.769	0.000	0.000	1.000	0.000	0.000	1.000	0.000
1155.000	0.000	120.111	0.650	26.103	127.886	30.769	0.000	0.000	1.000	0.000	0.000	1.000	0.000
1160.000	0.000	120.045	0.645	26.127	127.852	30.769	0.000	0.000	1.000	0.000	0.000	1.000	0.000
1165.000	0.000	119.975	0.645	26.129	127.805	30.769	0.000	0.000	1.000	0.000	0.000	1.000	0.000
1170.000	0.000	119.946	0.639	26.140	127.763	30.769	0.000	0.000	1.000	0.000	0.000	1.000	0.000
1175.000	0.000	119.873	0.628	26.160	127.698	30.769	0.000	0.000	1.000	0.000	0.000	1.000	0.000
1180.000	0.000	119.856	0.637	26.169	127.643	30.769	0.000	0.000	1.000	0.000	0.000	1.000	0.000
1185.000	0.000	119.739	0.625	26.183	127.597	30.769	0.000	0.000	1.000	0.000	0.000	1.000	0.000
1190.000	0.000	119.726	0.632	26.174	127.510	0.000	0.000	0.000	1.000	0.000	0.000	1.000	0.000
1195.000	0.000	119.431	0.000	26.166	126.563	100.000	0.000	0.000	1.000	0.000	0.000	1.000	0.000
1200.000	0.000	119.007	0.535	26.073	125.385	100.000	0.000	0.000	1.000	0.000	0.000	1.000	0.000
1205.000	0.000	118.812	0.829	25.902	125.512	100.000	0.000	0.000	1.000	0.000	0.000	1.000	0.000
1210.000	0.000	118.783	0.842	25.712	125.826	100.000	0.000	0.000	1.000	0.000	0.000	1.000	0.000
1215.000	0.000	118.673	0.851	25.541	126.183	100.000	0.000	0.000	1.000	0.000	0.000	1.000	0.000
1220.000	0.000	118.729	0.855	25.374	126.510	100.000	0.000	0.000	1.000	0.000	0.000	1.000	0.000
1225.000	0.000	118.787	0.855	25.225	126.914	100.000	0.000	0.000	1.000	0.000	0.000	1.000	0.000
1230.000	0.000	118.812	0.853	25.193	127.299	100.000	0.000	0.000	1.000	0.000	0.000	1.000	0.000
1235.000	0.000	118.973	0.862	25.337	127.679	100.000	0.000	0.000	1.000	0.000	0.000	1.000	0.000
1240.000	0.000	119.088	0.865	25.560	128.032	100.000	0.000	0.000	1.000	0.000	0.000	1.000	0.000
1245.000	0.000	119.133	0.863	25.789	128.365	100.000	0.000	0.000	1.000	0.000	0.000	1.000	0.000
1250.000	0.000	119.250	0.854	25.972	128.776	100.000	0.000	0.000	1.000	0.000	0.000	1.000	0.000
1255.000	0.000	119.354	0.857	26.095	129.123	100.000	0.000	0.000	1.000	0.000	0.000	1.000	0.000
1260.000	0.000	119.588	0.859	26.205	129.520	100.000	0.000	0.000	1.000	0.000	0.000	1.000	0.000
1265.000	0.000	119.747	0.862	26.290	129.887	100.000	0.000	0.000	1.000	0.000	0.000	1.000	0.000
1270.000	0.000	119.947	0.859	26.344	130.245	100.000	0.000	0.000	1.000	0.000	0.000	1.000	0.000
1275.000	0.000	120.142	0.861	26.389	130.624	100.000	0.000	0.000	1.000	0.000	0.000	1.000	0.000
1280.000	0.000	120.378	0.856	26.425	130.968	100.000	0.000	0.000	1.000	0.000	0.000	1.000	0.000
1285.000	0.000	120.682	0.865	26.448	131.303	100.000	0.000	0.000	1.000	0.000	0.000	1.000	0.000
1290.000	0.000	120.953	0.857	26.474	131.712	100.000	0.000	0.000	1.000	0.000	0.000	1.000	0.000
1295.000	0.000	121.221	0.854	26.497	132.080	100.000	0.000	0.000	1.000	0.000	0.000	1.000	0.000
1300.000	0.000	121.509	0.853	26.503	132.425	100.000	0.000	0.000	1.000	0.000	0.000	1.000	0.000
1305.000	0.000	121.857	0.853	26.509	132.779	100.000	0.000	0.000	1.000	0.000	0.000	1.000	0.000
1310.000	0.000	122.241	0.856	26.523	133.174	100.000	0.000	0.000	1.000	0.000	0.000	1.000	0.000
1315.000	0.000	122.554	0.856	26.533	133.527	100.000	0.000	0.000	1.000	0.000	0.000	1.000	0.000
1320.000	0.000	122.832	0.846	26.541	133.838	100.000	0.000	0.000	1.000	0.000	0.000	1.000	0.000
1325.000	0.000	123.233	0.843	26.547	134.211	100.000	0.000	0.000	1.000	0.000	0.000	1.000	0.000
1330.000	0.000	123.606	0.835	26.557	134.561	100.000	0.000	0.000	1.000	0.000	0.000	1.000	0.000
1335.000	0.000	123.910	0.841	26.562	134.851	100.000	0.000	0.000	1.000	0.000	0.000	1.000	0.000
1340.000	0.000	124.261	0.834	26.572	135.197	100.000	0.000	0.000	1.000	0.000	0.000	1.000	0.000
1345.000	0.000	124.493	0.840	26.574	135.528	100.000	0.000	0.000	1.000	0.000	0.000	1.000	0.000
1350.000	0.000	124.781	0.837	26.579	135.874	100.000	0.000	0.000	1.000	0.000	0.000	1.000	0.000
1355.000	0.000	125.118	0.836	26.584	136.197	100.000	0.000	0.000	1.000	0.000	0.000	1.000	0.000
1360.000	0.000	125.466	0.837	26.596	136.518	100.000	0.000	0.000	1.000	0.000	0.000	1.000	0.000
1365.000	0.000	125.736	0.830	26.605	136.852	100.000	0.000	0.000	1.000	0.000	0.000	1.000	0.000
1370.000	0.000	126.051	0.833	26.611	137.154	100.000	0.000	0.000	1.000	0.000	0.000	1.000	0.000
1375.000	0.000	126.361	0.839	26.613	137.465	100.000	0.000	0.000	1.000	0.000	0.000	1.000	0.000
1380.000	0.000	126.721	0.828	26.615	137.785	100.000	0.000	0.000	1.000	0.000	0.000	1.000	0.000
1385.000	0.000	127.074	0.836	26.620	138.121	100.000	0.000	0.000	1.000	0.000	0.000	1.000	0.000
1390.000	0.000	127.393	0.831	26.617	138.427	100.000	0.000	0.000	1.000	0.000	0.000	1.000	0.000
1395.000	0.000	127.712	0.830	26.620	138.731	100.000	0.000	0.000	1.000	0.000	0.000	1.000	0.000
1400.000	0.000	127.987	0.826	26.623	139.019	100.000	0.000	0.000	1.000	0.000	0.000	1.000	0.000
1405.000	0.000	128.307	0.826	26.624	139.342	100.000	0.000	0.000	1.000	0.000	0.000	1.000	0.000
1410.000	0.000	128.595	0.830	26.632	139.661	100.000	0.000	0.000	1.000	0.000	0.000	1.000	0.000
1415.000	0.000	128.867	0.831	26.630	139.921	100.000	0.000	0.000	1.000	0.000	0.000	1.000	0.000
1420.000	0.000	129.189	0.804	26.635	140.290	100.000	0.000	0.000	1.000	0.000	0.000	1.000	0.000
1425.000	0.000	129.427	0.783	26.634	140.473	100.000	0.000	0.000	1.000	0.000	0.000	1.000	0.000
1430.000	0.000	129.647	0.776	26.638	140.689	100.000	0.000	0.000	1.000	0.000	0.000	1.000	0.000
1435.000	0.000	129.929	0.772	26.643	140.880	100.000	0.000	0.000	1.000	0.000	0.000	1.000	0.000
1440.000	0.000	130.110	0.779	26.646	141.084	100.000	0.000	0.000	1.000	0.000	0.000	1.000	0.000
1445.000	0.000	130.322	0.782	26.645	141.322	100.000	0.000	0.000	1.000	0.000	0.000	1.000	0.000
1450.000	0.000	130.512	0.778	26.651	141.462	100.000	0.000	0.000	1.000	0.000	0.000	1.000	0.000
1455.000	0.000	130.808	0.776	26.650	141.686	100.000	0.000	0.000	1.000	0.000	0.000	1.000	0.000
1460.000	0.000	130.917	0.773	26.657	141.876	100.000	0.000	0.000	1.000	0.000	0.000	1.000	0.000
1465.000	0.000	131.168	0.781	26.657	142.074	89.286	0.000	0.000	1.000	0.000	0.000	1.000	0.000
1470.000	0.000	131.319	0.718	26.654	142.208	73.167	0.000	0.000	1.000	0.000	0.000	1.000	0.000
1475.000	0.000	131.463	0.733	26.659	142.320	54.366	0.000	0.000	1.000	0.000	0.000	1.000	0.000
1480.000	0.000	131.541	0.596	26.662	142.361	34.870	0.000	0.000	1.000	0.000	0.000	1.000	0.000
1485.000	0.000	131.443	0.401	26.669	142.150	14.200	0.000	0.000	1.000	0.000	0.000	1.000	0.000
1490.000	0.000	131.078	0.000	26.671	140.945	0.000	0.000	0.000	1.000	0.000	0.000	1.000	0.000
1495.000	0.000	130.503	0.000	26.670	139.386	0.000	0.000	0.000	1.000	0.000	0.000	1.000	0.000
1500.000	0.000	129.431	0.000	26.669	137.864	0.000	0.000	0.000	1.000	0.000	0.000	1.000	0.000
1505.000	0.000	128.445	0.000	26.669	136.385	8.820	0.000	0.000	1.000	0.000	0.000	1.000	0.000
1510.000	0.000	127.339	0.000	26.668	134.874	42.642	0.000	0.000	1.000	0.000	0.000	1.000	0.000
1515.000	0.000	126.353	0.541	26.661	133.656	100.000	0.000	0.000	1.000	0.000	0.000	1.000	0.000
1520.000	0.000	126.059	0.774	26.629	133.625	100.000	0.000	0.000	1.000	0.000	0.000	1.000	0.000
1525.000	0.000	125.912	0.758	26.617	133.836	100.000	0.000	0.000	1.000	0.000	0.000	1.000	0.000
1530.000	0.000	125.852	0.770	26.610	134.025	100.000	0.000	0.000	1.000	0.000	0.000	1.000	0.000
1535.000	0.000	125.789	0.777	26.617	134.219	100.000	0.000	0.000	1.000	0.000	0.000	1.000	0.000
1540.000	0.000	125.782	0.765	26.629	134.435	100.000	0.000	0.000	1.000	0.000	0.000	1.000	0.000
1545.000	0.000	125.827	0.779	26.643	134.615	100.000	0.000	0.000	1.000	0.000	0.000	1.000	0.000
1550.000	0.000	125.766	0.766	26.664	134.851	100.000	0.000	0.000	1.000	0.000	0.000	1.000	0.000
1555.000	0.000	125.718	0.779	26.676	134.984	100.000	0.000	0.000	1.000	0.000	0.000	1.000	0.000
1560.000	0.000	125.749	0.762	26.695	135.222	100.000	0.000	0.000	1.000	0.000	0.000	1.000	0.000
1565.000	0.000	125.809	0.767	26.706	135.417	100.000	0.000	0.000	1.000	0.000	0.000	1.000	0.000
1570.000	0.000	125.813	0.768	26.720	135.593	100.000	0.000	0.000	1.000	0.000	0.000	1.000	0.000
1575.000	0.000	125.895	0.767	26.730	135.808	100.000	0.000	0.000	1.000	0.000	0.000	1.000	0.000
1580.000	0.000	126.048	0.779	26.740	135.987	100.000	0.000	0.000	1.000	0.000	0.000	1.000	0.000
1585.000	0.000	126.130	0.768	26.743	136.162	100.000	0.000	0.000	1.000	0.000	0.000	1.000	0.000
1590.000	0.000	126.207	0.780	26.751	136.355	100.000	0.000	0.000	1.000	0.000	0.000	1.000	0.000
1595.000	0.000	126.376	0.765	26.755	136.586	100.000	0.000	0.000	1.000	0.000	0.000	1.000	0.000
1600.000	0.000	126.466	0.771	26.761	136.729	100.000	0.000	0.000	1.000	0.000	0.000	1.000	0.000
1605.000	0.000	126.578	0.760	26.769	136.939	100.000	0.000	0.000	1.000	0.000	0.000	1.000	0.000
1610.000	0.000	126.700	0.773	26.768	137.127	100.000	0.000	0.000	1.000	0.000	0.000	1.000	0.000
1615.000	0.000	126.867	0.777	26.775	137.312	100.000	0.000	0.000	1.000	0.000	0.000	1.000	0.000
1620.000	0.000	127.032	0.757	26.774	137.499	100.000	0.000	0.000	1.000	0.000	0.000	1.000	0.000
1625.000	0.000	127.089	0.772	26.782	137.646	100.000	0.000	0.000	1.000	0.000	0.000	1.000	0.000
1630.000	0.000	127.206	0.760	26.782	137.830	100.000	0.000	0.000	1.000	0.000	0.000	1.000	0.000
1635.000	0.000	127.383	0.763	26.786	138.022	100.000	0.000	0.000	1.000	0.000	0.000	1.000	0.000
1640.000	0.000	127.517	0.759	26.792	138.215	100.000	0.000	0.000	1.000	0.000	0.000	1.000	0.000
1645.000	0.000	127.713	0.773	26.795	138.384	100.000	0.000	0.000	1.000	0.000	0.000	1.000	0.000
1650.000	0.000	127.873	0.775	26.800	138.551	100.000	0.000	0.000	1.000	0.000	0.000	1.000	0.000
1655.000	0.000	128.043	0.764	26.804	138.775	100.000	0.000	0.000	1.000	0.000	0.000	1.000	0.000
1660.000	0.000	128.151	0.763	26.801	138.959	100.000	0.000	0.000	1.000	0.000	0.000	1.000	0.000
1665.000	0.000	128.248	0.764	26.810	139.131	100.000	0.000	0.000	1.000	0.000	0.000	1.000	0.000
1670.000	0.000	128.453	0.768	26.813	139.318	100.000	0.000	0.000	1.000	0.000	0.000	1.000	0.000
1675.000	0.000	128.672	0.768	26.816	139.508	100.000	0.000	0.000	1.000	0.000	0.000	1.000	0.000
1680.000	0.000	128.794	0.762	26.815	139.695	100.000	0.000	0.000	1.000	0.000	0.000	1.000	0.000
1685.000	0.000	128.911	0.762	26.820	139.855	100.000	0.000	0.000	1.000	0.000	0.000	1.000	0.000
1690.000	0.000	129.062	0.759	26.822	140.026	100.000	0.000	0.000	1.000	0.000	0.000	1.000	0.000
1695.000	0.000	129.237	0.761	26.821	140.233	100.000	0.000	0.000	1.000	0.000	0.000	1.000	0.000
1700.000	0.000	129.368	0.758	26.824	140.420	100.000	0.000	0.000	1.000	0.000	0.000	1.000	0.000
1705.000	0.000	129.576	0.762	26.827	140.611	100.000	0.000	0.000	1.000	0.000	0.000	1.000	0.000
1710.000	0.000	129.804	0.762	26.827	140.791	100.000	0.000	0.000	1.000	0.000	0.000	1.000	0.000
1715.000	0.000	129.960	0.767	26.828	140.943	100.000	0.000	0.000	1.000	0.000	0.000	1.000	0.000
1720.000	0.000	130.147	0.769	26.835	141.144	100.000	0.000	0.000	1.000	0.000	0.000	1.000	0.000
1725.000	0.000	130.357	0.763	26.829	141.318	100.000	0.000	0.000	1.000	0.000	0.000	1.000	0.000
1730.000	0.000	130.553	0.774	26.838	141.484	31.538	0.000	0.000	1.000	0.000	0.000	1.000	0.000
1735.000	0.000	130.672	0.542	26.841	141.593	31.538	0.000	0.000	1.000	0.000	0.000	1.000	0.000
1740.000	0.000	130.578	0.582	26.854	141.273	31.538	0.000	0.000	1.000	0.000	0.000	1.000	0.000
1745.000	0.000	130.435	0.456	26.851	140.942	31.538	0.000	0.000	1.000	0.000	0.000	1.000	0.000
1750.000	0.000	127.786	0.548	26.846	133.977	31.538	0.000	0.000	1.000	0.000	0.000	1.000	0.000
1755.000	0.000	125.293	0.517	26.805	129.164	31.538	0.000	0.000	1.000	0.000	0.000	1.000	0.000
1760.000	0.000	124.360	0.561	26.745	128.883	31.538	0.000	0.000	1.000	0.000	0.000	1.000	0.000
1765.000	0.000	123.838	0.560	26.668	128.687	31.538	0.000	0.000	1.000	0.000	0.000	1.000	0.000
1770.000	0.000	123.372	0.562	26.619	128.527	31.538	0.000	0.000	1.000	0.000	0.000	1.000	0.000
1775.000	0.000	122.968	0.563	26.575	128.347	31.538	0.000	0.000	1.000	0.000	0.000	1.000	0.000
1780.000	0.000	122.618	0.566	26.524	128.172	31.538	0.000	0.000	1.000	0.000	0.000	1.000	0.000
1785.000	0.000	122.327	0.567	26.502	128.006	31.538	0.000	0.000	1.000	0.000	0.000	1.000	0.000
1790.000	0.000	122.075	0.569	26.456	127.821	31.538	0.000	0.000	1.000	0.000	0.000	1.000	0.000
1795.000	0.000	121.876	0.572	26.417	127.666	31.538	0.000	0.000	1.000	0.000	0.000	1.000	0.000
1800.000	0.000	121.581	0.563	26.378	127.497	31.538	0.000	0.000	1.000	0.000	0.000	1.000	0.000
1805.000	0.000	121.308	0.558	26.318	127.295	31.538	0.000	0.000	1.000	0.000	0.000	1.000	0.000
1810.000	0.000	121.040	0.565	26.238	127.116	31.538	0.000	0.000	1.000	0.000	0.000	1.000	0.000
1815.000	0.000	120.735	0.563	26.108	126.956	31.538	0.000	0.000	1.000	0.000	0.000	1.000	0.000
1820.000	0.000	120.543	0.560	25.985	126.771	31.538	0.000	0.000	1.000	0.000	0.000	1.000	0.000
1825.000	0.000	120.189	0.563	25.908	126.587	31.538	0.000	0.000	1.000	0.000	0.000	1.000	0.000
1830.000	0.000	120.030	0.567	25.774	126.404	31.538	0.000	0.000	1.000	0.000	0.000	1.000	0.000
1835.000	0.000	119.806	0.562	25.566	126.214	31.538	0.000	0.000	1.000	0.000	0.000	1.000	0.000
1840.000	0.000	119.512	0.573	25.366	126.036	31.538	0.000	0.000	1.000	0.000	0.000	1.000	0.000
1845.000	0.000	119.275	0.568	25.129	125.864	31.538	0.000	0.000	1.000	0.000	0.000	1.000	0.000
1850.000	0.000	119.138	0.573	24.983	125.728	31.538	0.000	0.000	1.000	0.000	0.000	1.000	0.000
1855.000	0.000	118.925	0.562	24.831	125.532	31.538	0.000	0.000	1.000	0.000	0.000	1.000	0.000
1860.000	0.000	118.722	0.608	24.694	125.405	31.538	0.000	0.000	1.000	0.000	0.000	1.000	0.000
1865.000	0.000	118.456	0.612	24.591	125.278	31.538	0.000	0.000	1.000	0.000	0.000	1.000	0.000
1870.000	0.000	118.256	0.650	24.516	125.205	31.538	0.000	0.000	1.000	0.000	0.000	1.000	0.000
1875.000	0.000	118.149	0.658	24.426	125.202	31.538	0.000	0.000	1.000	0.000	0.000	1.000	0.000
1880.000	0.000	118.089	0.655	24.329	125.188	31.538	0.000	0.000	1.000	0.000	0.000	1.000	0.000
1885.000	0.000	117.989	0.661	24.265	125.167	31.538	0.000	0.000	1.000	0.000	0.000	1.000	0.000
1890.000	0.000	117.894	0.658	24.222	125.171	31.538	0.000	0.000	1.000	0.000	0.000	1.000	0.000
1895.000	0.000	117.785	0.658	24.105	125.134	31.538	0.000	0.000	1.000	0.000	0.000	1.000	0.000
1900.000	0.000	117.721	0.649	24.029	125.106	31.538	0.000	0.000	1.000	0.000	0.000	1.000	0.000
1905.000	0.000	117.685	0.651	24.016	125.132	31.538	0.000	0.000	1.000	0.000	0.000	1.000	0.000
1910.000	0.000	117.617	0.657	24.016	125.088	31.538	0.000	0.000	1.000	0.000	0.000	1.000	0.000
1915.000	0.000	117.548	0.655	23.927	125.061	31.538	0.000	0.000	1.000	0.000	0.000	1.000	0.000
1920.000	0.000	117.512	0.659	23.829	125.053	31.538	0.000	0.000	1.000	0.000	0.000	1.000	0.000
1925.000	0.000	117.405	0.655	23.791	125.051	31.538	0.000	0.000	1.000	0.000	0.000	1.000	0.000
1930.000	0.000	117.361	0.654	23.745	125.037	31.538	0.000	0.000	1.000	0.000	0.000	1.000	0.000
1935.000	0.000	117.224	0.657	23.743	125.020	31.538	0.000	0.000	1.000	0.000	0.000	1.000	0.000
1940.000	0.000	117.186	0.655	23.735	125.015	31.538	0.000	0.000	1.000	0.000	0.000	1.000	0.000
1945.000	0.000	117.086	0.652	23.713	124.972	31.538	0.000	0.000	1.000	0.000	0.000	1.000	0.000
1950.000	0.000	117.048	0.653	23.714	124.953	31.538	0.000	0.000	1.000	0.000	0.000	1.000	0.000
1955.000	0.000	117.010	0.654	23.741	124.960	31.538	0.000	0.000	1.000	0.000	0.000	1.000	0.000
1960.000	0.000	116.926	0.660	23.778	124.920	31.538	0.000	0.000	1.000	0.000	0.000	1.000	0.000
1965.000	0.000	116.862	0.654	23.838	124.931	31.538	0.000	0.000	1.000	0.000	0.000	1.000	0.000
1970.000	0.000	116.781	0.660	23.919	124.898	31.538	0.000	0.000	1.000	0.000	0.000	1.000	0.000
1975.000	0.000	116.770	0.653	24.022	124.889	31.538	0.000	0.000	1.000	0.000	0.000	1.000	0.000
1980.000	0.000	116.708	0.655	24.133	124.856	31.538	0.000	0.000	1.000	0.000	0.000	1.000	0.000
1985.000	0.000	116.696	0.656	24.234	124.858	31.538	0.000	0.000	1.000	0.000	0.000	1.000	0.000
1990.000	0.000	116.582	0.653	24.327	124.827	31.538	0.000	0.000	1.000	0.000	0.000	1.000	0.000
1995.000	0.000	116.577	0.648	24.392	124.797	31.538	0.000	0.000	1.000	0.000	0.000	1.000	0.000
2000.000	0.000	116.553	0.657	24.463	124.768	31.538	0.000	0.000	1.000	0.000	0.000	1.000	0.000
2005.000	0.000	116.501	0.652	24.543	124.766	31.538	0.000	0.000	1.000	0.000	0.000	1.000	0.000
2010.000	0.000	116.519	0.651	24.595	124.765	31.538	0.000	0.000	1.000	0.000	0.000	1.000	0.000
2015.000	0.000	116.389	0.654	24.670	124.755	31.538	0.000	0.000	1.000	0.000	0.000	1.000	0.000
2020.000	0.000	116.363	0.649	24.745	124.751	31.538	0.000	0.000	1.000	0.000	0.000	1.000	0.000
2025.000	0.000	116.260	0.651	24.829	124.684	31.538	0.000	0.000	1.000	0.000	0.000	1.000	0.000
2030.000	0.000	116.197	0.647	24.901	124.645	31.538	0.000	0.000	1.000	0.000	0.000	1.000	0.000
2035.000	0.000	116.150	0.651	24.950	124.620	31.538	0.000	0.000	1.000	0.000	0.000	1.000	0.000
2040.000	0.000	116.076	0.648	24.950	124.623	31.538	0.000	0.000	1.000	0.000	0.000	1.000	0.000
2045.000	0.000	115.990	0.695	24.959	124.630	31.538	0.000	0.000	1.000	0.000	0.000	1.000	0.000
2050.000	0.000	116.029	0.695	25.002	124.686	31.538	0.000	0.000	1.000	0.000	0.000	1.000	0.000
2055.000	0.000	116.081	0.700	25.042	124.733	31.538	0.000	0.000	1.000	0.000	0.000	1.000	0.000
2060.000	0.000	116.129	0.698	25.029	124.909	31.538	0.000	0.000	1.000	0.000	0.000	0.000	0.000
2065.000	0.000	116.412	0.696	25.006	126.297	31.538	0.000	0.000	1.000	0.000	0.000	0.000	0.000
2070.000	0.000	117.094	0.690	25.060	127.875	31.538	0.000	0.000	1.000	0.000	0.000	0.000	0.000
2075.000	0.000	118.244	0.692	25.323	129.363	31.538	0.000	0.000	1.000	0.000	0.000	0.000	0.000
2080.000	0.000	119.775	0.697	25.738	130.924	31.538	0.000	0.000	1.000	0.000	0.000	0.000	0.000
2085.000	0.000	121.320	0.695	26.138	132.462	31.538	0.000	0.000	1.000	0.000	0.000	0.000	0.000
2090.000	0.000	122.688	0.691	26.449	133.806	31.538	0.000	0.000	1.000	0.000	0.000	1.000	0.000
2095.000	0.000	123.005	0.699	26.666	133.901	31.538	0.000	0.000	1.000	0.000	0.000	1.000	0.000
2100.000	0.000	123.091	0.695	26.811	133.941	31.538	0.000	0.000	1.000	0.000	0.000	1.000	0.000
2105.000	0.000	123.100	0.693	26.917	134.009	31.538	0.000	0.000	1.000	0.000	0.000	1.000	0.000
2110.000	0.000	123.127	0.617	26.979	133.960	31.538	0.000	0.000	1.000	0.000	0.000	1.000	0.000
2115.000	0.000	123.117	0.638	27.027	133.880	31.538	0.000	0.000	1.000	0.000	0.000	1.000	0.000
2120.000	0.000	123.113	0.659	27.057	133.814	31.538	0.000	0.000	1.000	0.000	0.000	1.000	0.000
2125.000	0.000	123.102	0.663	27.070	133.772	31.538	0.000	0.000	1.000	0.000	0.000	1.000	0.000
2130.000	0.000	123.061	0.666	27.092	133.749	31.538	0.000	0.000	1.000	0.000	0.000	1.000	0.000
2135.000	0.000	123.045	0.664	27.104	133.759	31.538	0.000	0.000	1.000	0.000	0.000	1.000	0.000
2140.000	0.000	123.077	0.664	27.119	133.727	31.538	0.000	0.000	1.000	0.000	0.000	1.000	0.000
2145.000	0.000	123.030	0.663	27.125	133.710	31.538	0.000	0.000	1.000	0.000	0.000	1.000	0.000
2150.000	0.000	122.993	0.662	27.133	133.669	31.538	0.000	0.000	1.000	0.000	0.000	1.000	0.000
2155.000	0.000	123.006	0.661	27.139	133.664	31.538	0.000	0.000	1.000	0.000	0.000	1.000	0.000
2160.000	0.000	122.984	0.658	27.142	133.647	31.538	0.000	0.000	1.000	0.000	0.000	1.000	0.000
2165.000	0.000	122.958	0.658	27.146	133.602	31.538	0.000	0.000	1.000	0.000	0.000	1.000	0.000
2170.000	0.000	122.936	0.659	27.152	133.582	31.538	0.000	0.000	1.000	0.000	0.000	1.000	0.000
2175.000	0.000	122.974	0.658	27.146	133.551	31.538	0.000	0.000	1.000	0.000	0.000	1.000	0.000
2180.000	0.000	122.945	0.663	27.148	133.521	31.538	0.000	0.000	1.000	0.000	0.000	1.000	0.000
2185.000	0.000	122.900	0.657	27.151	133.506	31.538	0.000	0.000	1.000	0.000	0.000	1.000	0.000
2190.000	0.000	122.921	0.662	27.150	133.471	31.538	0.000	0.000	1.000	0.000	0.000	1.000	0.000
2195.000	0.000	122.891	0.662	27.153	133.458	31.538	0.000	0.000	1.000	0.000	0.000	1.000	0.000
2200.000	0.000	122.876	0.657	27.161	133.427	31.538	0.000	0.000	1.000	0.000	0.000	1.000	0.000
2205.000	0.000	122.936	0.660	27.170	133.387	31.538	0.000	0.000	1.000	0.000	0.000	1.000	0.000
2210.000	0.000	122.851	0.656	27.171	133.374	31.538	0.000	0.000	1.000	0.000	0.000	1.000	0.000
2215.000	0.000	122.880	0.660	27.176	133.356	31.538	0.000	0.000	1.000	0.000	0.000	1.000	0.000
2220.000	0.000	122.929	0.661	27.177	133.344	31.538	0.000	0.000	1.000	0.000	0.000	1.000	0.000
2225.000	0.000	122.869	0.664	27.173	133.255	31.538	0.000	0.000	1.000	0.000	0.000	1.000	0.000
2230.000	0.000	122.824	0.655	27.180	133.292	31.538	0.000	0.000	1.000	0.000	0.000	1.000	0.000
2235.000	0.000	122.837	0.659	27.180	133.244	31.538	0.000	0.000	1.000	0.000	0.000	1.000	0.000
2240.000	0.000	122.841	0.659	27.188	133.212	31.538	0.000	0.000	1.000	0.000	0.000	1.000	0.000
2245.000	0.000	122.814	0.659	27.195	133.192	31.538	0.000	0.000	1.000	0.000	0.000	1.000	0.000
2250.000	0.000	122.782	0.657	27.192	133.154	31.538	0.000	0.000	1.000	0.000	0.000	1.000	0.000
2255.000	0.000	122.758	0.651	27.188	133.124	31.538	0.000	0.000	1.000	0.000	0.000	1.000	0.000
2260.000	0.000	122.718	0.654	27.188	133.084	31.538	0.000	0.000	1.000	0.000	0.000	1.000	0.000
2265.000	0.000	122.738	0.662	27.193	133.045	31.538	0.000	0.000	1.000	0.000	0.000	1.000	0.000
2270.000	0.000	122.712	0.654	27.196	133.015	31.538	0.000	0.000	1.000	0.000	0.000	1.000	0.000
2275.000	0.000	122.720	0.656	27.196	133.008	31.538	0.000	0.000	1.000	0.000	0.000	1.000	0.000
2280.000	0.000	122.704	0.653	27.192	132.961	31.538	0.000	0.000	1.000	0.000	0.000	1.000	0.000
2285.000	0.000	122.732	0.655	27.188	132.964	31.538	0.000	0.000	1.000	0.000	0.000	1.000	0.000
2290.000	0.000	122.723	0.656	27.193	132.920	31.538	0.000	0.000	1.000	0.000	0.000	1.000	0.000
2295.000	0.000	122.700	0.653	27.197	132.875	31.538	0.000	0.000	1.000	0.000	0.000	1.000	0.000
2300.000	0.000	122.699	0.661	27.197	132.872	31.538	0.000	0.000	1.000	0.000	0.000	1.000	0.000
2305.000	0.000	122.688	0.652	27.209	132.841	31.538	0.000	0.000	1.000	0.000	0.000	1.000	0.000
2310.000	0.000	122.699	0.656	27.211	132.814	31.538	0.000	0.000	1.000	0.000	0.000	1.000	0.000
2315.000	0.000	122.595	0.477	27.210	132.786	6.182	0.000	0.000	1.000	0.000	0.000	1.000	0.000
2320.000	0.000	122.224	0.000	27.211	131.438	100.000	0.000	0.000	1.000	0.000	0.000	1.000	0.000
2325.000	0.000	122.014	0.982	27.192	130.894	100.000	0.000	0.000	1.000	0.000	0.000	1.000	0.000
2330.000	0.000	122.173	1.076	27.165	131.642	100.000	0.000	0.000	1.000	0.000	0.000	1.000	0.000
2335.000	0.000	122.290	1.059	27.157	132.402	100.000	0.000	0.000	1.000	0.000	0.000	1.000	0.000
2340.000	0.000	122.609	1.067	27.169	133.202	100.000	0.000	0.000	1.000	0.000	0.000	1.000	0.000
2345.000	0.000	122.960	1.062	27.198	133.993	100.000	0.000	0.000	1.000	0.000	0.000	1.000	0.000
2350.000	0.000	123.569	1.097	27.218	134.803	100.000	0.000	0.000	1.000	0.000	0.000	1.000	0.000
2355.000	0.000	124.333	1.079	27.239	135.551	100.000	0.000	0.000	1.000	0.000	0.000	1.000	0.000
2360.000	0.000	125.152	1.071	27.260	136.340	100.000	0.000	0.000	1.000	0.000	0.000	1.000	0.000
2365.000	0.000	125.947	1.090	27.274	137.076	100.000	0.000	0.000	1.000	0.000	0.000	1.000	0.000
2370.000	0.000	126.728	1.072	27.292	137.846	100.000	0.000	0.000	1.000	0.000	0.000	1.000	0.000
2375.000	0.000	127.517	1.089	27.301	138.617	100.000	0.000	0.000	1.000	0.000	0.000	1.000	0.000
2380.000	0.000	128.281	1.055	27.307	139.355	100.000	0.000	0.000	1.000	0.000	0.000	1.000	0.000
2385.000	0.000	129.053	1.074	27.312	140.118	100.000	0.000	0.000	1.000	0.000	0.000	1.000	0.000
2390.000	0.000	129.813	1.046	27.313	140.844	100.000	0.000	0.000	1.000	0.000	0.000	1.000	0.000
2395.000	0.000	130.619	1.061	27.312	141.577	100.000	0.000	0.000	1.000	0.000	0.000	1.000	0.000
2400.000	0.000	131.346	1.049	27.315	142.289	100.000	0.000	0.000	1.000	0.000	0.000	1.000	0.000
2405.000	0.000	132.126	1.058	27.317	143.032	100.000	0.000	0.000	1.000	0.000	0.000	1.000	0.000
2410.000	0.000	132.898	1.053	27.314	143.730	100.000	0.000	0.000	1.000	0.000	0.000	1.000	0.000
2415.000	0.000	133.616	1.050	27.316	144.476	100.000	0.000	0.000	1.000	0.000	0.000	1.000	0.000
2420.000	0.000	134.325	1.066	27.319	145.151	94.182	0.000	0.000	1.000	0.000	0.000	1.000	0.000
2425.000	0.000	135.085	1.018	27.316	145.884	71.540	0.000	0.000	1.000	0.000	0.000	1.000	0.000
2430.000	0.000	135.679	0.809	27.323	146.436	26.064	0.000	0.000	1.000	0.000	0.000	1.000	0.000
2435.000	0.000	135.498	0.000	27.325	145.651	0.000	0.000	0.000	1.000	0.000	0.000	1.000	0.000
2440.000	0.000	134.936	0.000	27.328	144.049	0.000	0.000	0.000	1.000	0.000	0.000	1.000	0.000
2445.000	0.000	134.299	0.000	27.328	142.520	0.000	0.000	0.000	1.000	0.000	0.000	1.000	0.000
2450.000	0.000	133.382	0.000	27.321	141.004	0.000	0.000	0.000	1.000	0.000	0.000	1.000	0.000
2455.000	0.000	132.172	0.000	27.316	139.490	0.000	0.000	0.000	1.000	0.000	0.000	1.000	0.000
2460.000	0.000	130.411	0.000	27.310	137.961	20.361	0.000	0.000	1.000	0.000	0.000	1.000	0.000
2465.000	0.000	129.026	0.000	27.307	136.454	90.689	0.000	0.000	1.000	0.000	0.000	1.000	0.000
2470.000	0.000	128.354	1.020	27.295	136.187	100.000	0.000	0.000	1.000	0.000	0.000	1.000	0.000
2475.000	0.000	128.279	1.007	27.291	136.900	100.000	0.000	0.000	1.000	0.000	0.000	1.000	0.000
2480.000	0.000	128.330	1.007	27.283	137.554	100.000	0.000	0.000	1.000	0.000	0.000	1.000	0.000
2485.000	0.000	128.600	1.007	27.289	138.208	100.000	0.000	0.000	1.000	0.000	0.000	1.000	0.000
2490.000	0.000	129.028	1.029	27.293	138.863	100.000	0.000	0.000	1.000	0.000	0.000	1.000	0.000
2495.000	0.000	129.505	1.007	27.314	139.552	100.000	0.000	0.000	1.000	0.000	0.000	1.000	0.000
2500.000	0.000	130.111	1.023	27.332	140.193	100.000	0.000	0.000	1.000	0.000	0.000	1.000	0.000
2505.000	0.000	130.666	1.003	27.337	140.841	100.000	0.000	0.000	1.000	0.000	0.000	1.000	0.000
2510.000	0.000	131.354	1.011	27.352	141.506	100.000	0.000	0.000	1.000	0.000	0.000	1.000	0.000
2515.000	0.000	131.910	1.017	27.358	142.152	100.000	0.000	0.000	1.000	0.000	0.000	1.000	0.000
2520.000	0.000	132.477	0.989	27.361	142.791	100.000	0.000	0.000	1.000	0.000	0.000	1.000	0.000
2525.000	0.000	132.904	1.024	27.366	143.395	100.000	0.000	0.000	1.000	0.000	0.000	1.000	0.000
2530.000	0.000	133.420	0.986	27.371	144.047	100.000	0.000	0.000	1.000	0.000	0.000	1.000	0.000
2535.000	0.000	133.928	0.990	27.379	144.676	100.000	0.000	0.000	1.000	0.000	0.000	1.000	0.000
2540.000	0.000	134.557	0.986	27.379	145.225	85.957	0.000	0.000	1.000	0.000	0.000	1.000	0.000
2545.000	0.000	135.059	0.882	27.381	145.802	62.427	0.000	0.000	1.000	0.000	0.000	1.000	0.000
2550.000	0.000	135.414	0.674	27.383	146.103	19.327	0.000	0.000	1.000	0.000	0.000	1.000	0.000
2555.000	0.000	135.163	0.000	27.390	145.113	0.000	0.000	0.000	1.000	0.000	0.000	1.000	0.000
2560.000	0.000	134.695	0.000	27.388	143.540	0.000	0.000	0.000	1.000	0.000	0.000	1.000	0.000
2565.000	0.000	133.900	0.000	27.389	142.029	0.000	0.000	0.000	1.000	0.000	0.000	1.000	0.000
2570.000	0.000	132.910	0.000	27.389	140.507	0.000	0.000	0.000	1.000	0.000	0.000	1.000	0.000
2575.000	0.000	131.685	0.000	27.387	138.971	30.000	0.000	0.000	1.000	0.000	0.000	1.000	0.000
2580.000	0.000	129.968	0.246	27.383	137.514	30.000	0.000	0.000	1.000	0.000	0.000	1.000	0.000
2585.000	0.000	129.437	0.682	27.374	137.369	30.000	0.000	0.000	1.000	0.000	0.000	1.000	0.000
2590.000	0.000	129.288	0.685	27.371	137.378	30.000	0.000	0.000	1.000	0.000	0.000	1.000	0.000
2595.000	0.000	129.133	0.683	27.364	137.388	30.000	0.000	0.000	1.000	0.000	0.000	1.000	0.000
2600.000	0.000	129.052	0.683	27.364	137.434	30.000	0.000	0.000	1.000	0.000	0.000	1.000	0.000
2605.000	0.000	128.932	0.688	27.362	137.449	30.000	0.000	0.000	1.000	0.000	0.000	1.000	0.000
2610.000	0.000	128.864	0.680	27.368	137.497	30.000	0.000	0.000	1.000	0.000	0.000	1.000	0.000
2615.000	0.000	128.742	0.675	27.377	137.478	30.000	0.000	0.000	1.000	0.000	0.000	1.000	0.000
2620.000	0.000	128.679	0.688	27.381	137.479	30.000	0.000	0.000	1.000	0.000	0.000	1.000	0.000
2625.000	0.000	128.626	0.681	27.393	137.506	30.000	0.000	0.000	1.000	0.000	0.000	1.000	0.000
2630.000	0.000	128.575	0.680	27.398	137.509	30.000	0.000	0.000	1.000	0.000	0.000	1.000	0.000
2635.000	0.000	128.567	0.688	27.406	137.543	30.000	0.000	0.000	1.000	0.000	0.000	1.000	0.000
2640.000	0.000	128.556	0.692	27.406	137.559	30.000	0.000	0.000	1.000	0.000	0.000	1.000	0.000
2645.000	0.000	128.470	0.677	27.405	137.567	30.000	0.000	0.000	1.000	0.000	0.000	1.000	0.000
2650.000	0.000	128.485	0.683	27.413	137.594	30.000	0.000	0.000	1.000	0.000	0.000	1.000	0.000
