Tuesday, 4 September 2018	11:10:15 AM
Time(s)	SPH-1	SN-1	SC-1	ST-1	SP-1	AVP-1	AR-1	AA-1	AB-1	AB-2	AVS-1	AVS-2	AVS-3
0.000	0.000	70.188	0.000	24.173	79.636	30.769	0.000	0.000	1.000	0.000	0.000	1.000	0.000
5.000	0.000	69.438	0.269	24.233	78.278	30.769	0.000	0.000	1.000	0.000	0.000	1.000	0.000
10.000	0.000	68.915	0.684	24.278	78.124	30.769	0.000	0.000	1.000	0.000	0.000	1.000	0.000
15.000	0.000	68.802	0.682	24.344	78.558	30.769	0.000	0.000	1.000	0.000	0.000	0.000	0.000
20.000	0.000	69.047	0.684	24.412	80.047	30.769	0.000	0.000	1.000	0.000	0.000	0.000	0.000
25.000	0.000	69.904	0.691	24.489	81.602	30.769	0.000	0.000	1.000	0.000	0.000	0.000	0.000
30.000	0.000	70.995	0.690	24.568	83.176	30.769	0.000	0.000	1.000	0.000	0.000	0.000	0.000
35.000	0.000	72.244	0.696	24.653	84.722	30.769	0.000	0.000	1.000	0.000	0.000	0.000	0.000
40.000	0.000	73.694	0.696	24.729	86.252	30.769	0.000	0.000	1.000	0.000	0.000	0.000	0.000
45.000	0.000	75.319	0.691	24.804	87.824	30.769	0.000	0.000	1.000	0.000	0.000	0.000	0.000
50.000	0.000	76.926	0.686	24.880	89.354	30.769	0.000	0.000	1.000	0.000	0.000	0.000	0.000
55.000	0.000	78.439	0.696	24.951	90.903	30.769	0.000	0.000	1.000	0.000	0.000	0.000	0.000
60.000	0.000	80.023	0.693	25.016	92.438	30.769	0.000	0.000	1.000	0.000	0.000	0.000	0.000
65.000	0.000	81.613	0.685	25.090	93.982	30.769	0.000	0.000	1.000	0.000	0.000	0.000	0.000
70.000	0.000	83.175	0.693	25.163	95.531	30.769	0.000	0.000	1.000	0.000	0.000	0.000	0.000
75.000	0.000	84.822	0.689	25.232	97.071	30.769	0.000	0.000	1.000	0.000	0.000	0.000	0.000
80.000	0.000	86.451	0.688	25.306	98.602	30.769	0.000	0.000	1.000	0.000	0.000	0.000	0.000
85.000	0.000	88.028	0.693	25.380	100.133	30.769	0.000	0.000	1.000	0.000	0.000	0.000	0.000
90.000	0.000	89.577	0.684	25.447	101.651	30.769	0.000	0.000	1.000	0.000	0.000	0.000	0.000
95.000	0.000	91.154	0.688	25.505	103.198	30.769	0.000	0.000	1.000	0.000	0.000	0.000	0.000
100.000	0.000	92.771	0.686	25.568	104.744	30.769	0.000	0.000	1.000	0.000	0.000	0.000	0.000
105.000	0.000	94.394	0.692	25.630	106.270	30.769	0.000	0.000	1.000	0.000	0.000	0.000	0.000
110.000	0.000	95.968	0.682	25.681	107.822	30.769	0.000	0.000	1.000	0.000	0.000	0.000	0.000
115.000	0.000	97.614	0.687	25.723	109.337	30.769	0.000	0.000	1.000	0.000	0.000	0.000	0.000
120.000	0.000	99.161	0.688	25.760	110.869	30.769	0.000	0.000	1.000	0.000	0.000	0.000	0.000
125.000	0.000	100.699	0.685	25.781	112.379	30.769	0.000	0.000	1.000	0.000	0.000	0.000	0.000
130.000	0.000	102.269	0.682	25.796	113.885	30.769	0.000	0.000	1.000	0.000	0.000	0.000	0.000
135.000	0.000	103.813	0.686	25.815	115.420	30.769	0.000	0.000	1.000	0.000	0.000	0.000	0.000
140.000	0.000	105.412	0.684	25.831	116.955	30.769	0.000	0.000	1.000	0.000	0.000	0.000	0.000
145.000	0.000	106.988	0.686	25.862	118.460	30.769	0.000	0.000	1.000	0.000	0.000	0.000	0.000
150.000	0.000	108.599	0.680	25.901	120.025	30.769	0.000	0.000	1.000	0.000	0.000	0.000	0.000
155.000	0.000	110.218	0.689	25.938	121.556	30.769	0.000	0.000	1.000	0.000	0.000	0.000	0.000
160.000	0.000	111.811	0.690	25.980	123.104	30.769	0.000	0.000	1.000	0.000	0.000	0.000	0.000
165.000	0.000	113.368	0.687	26.025	124.599	30.769	0.000	0.000	1.000	0.000	0.000	0.000	0.000
170.000	0.000	114.917	0.681	26.055	126.136	30.769	0.000	0.000	1.000	0.000	0.000	0.000	0.000
175.000	0.000	116.458	0.685	26.100	127.669	30.769	0.000	0.000	1.000	0.000	0.000	0.000	0.000
180.000	0.000	117.993	0.692	26.187	129.146	30.769	0.000	0.000	1.000	0.000	0.000	0.000	0.000
185.000	0.000	119.672	0.689	26.558	130.681	30.769	0.000	0.000	1.000	0.000	0.000	0.000	0.000
190.000	0.000	121.223	0.683	27.060	132.235	30.769	0.000	0.000	1.000	0.000	0.000	0.000	0.000
195.000	0.000	122.748	0.691	27.489	133.725	30.769	0.000	0.000	1.000	0.000	0.000	1.000	0.000
200.000	0.000	123.248	0.678	27.789	133.938	30.769	0.000	0.000	1.000	0.000	0.000	1.000	0.000
205.000	0.000	123.231	0.684	27.999	133.935	30.769	0.000	0.000	1.000	0.000	0.000	1.000	0.000
210.000	0.000	123.275	0.681	28.131	133.959	30.769	0.000	0.000	1.000	0.000	0.000	1.000	0.000
215.000	0.000	122.865	0.679	28.220	132.507	30.769	0.000	0.000	1.000	0.000	0.000	1.000	0.000
220.000	0.000	122.124	0.682	28.274	130.020	30.769	0.000	0.000	1.000	0.000	0.000	1.000	0.000
225.000	0.000	121.481	0.682	28.275	129.253	30.769	0.000	0.000	1.000	0.000	0.000	1.000	0.000
230.000	0.000	121.362	0.689	28.262	129.297	30.769	0.000	0.000	1.000	0.000	0.000	1.000	0.000
235.000	0.000	121.254	0.684	28.233	129.294	30.769	0.000	0.000	1.000	0.000	0.000	1.000	0.000
240.000	0.000	121.195	0.682	28.197	129.334	30.769	0.000	0.000	1.000	0.000	0.000	1.000	0.000
245.000	0.000	121.099	0.689	28.188	129.369	30.769	0.000	0.000	1.000	0.000	0.000	1.000	0.000
250.000	0.000	121.052	0.685	28.181	129.406	30.769	0.000	0.000	1.000	0.000	0.000	1.000	0.000
255.000	0.000	121.022	0.684	28.187	129.432	30.769	0.000	0.000	1.000	0.000	0.000	1.000	0.000
260.000	0.000	120.965	0.682	28.179	129.462	30.769	0.000	0.000	1.000	0.000	0.000	1.000	0.000
265.000	0.000	120.968	0.688	28.164	129.482	30.769	0.000	0.000	1.000	0.000	0.000	1.000	0.000
270.000	0.000	120.939	0.683	28.150	129.492	30.769	0.000	0.000	1.000	0.000	0.000	1.000	0.000
275.000	0.000	120.879	0.690	28.150	129.544	30.769	0.000	0.000	1.000	0.000	0.000	1.000	0.000
280.000	0.000	120.817	0.679	28.145	129.570	30.769	0.000	0.000	1.000	0.000	0.000	1.000	0.000
285.000	0.000	120.764	0.688	28.148	129.592	30.769	0.000	0.000	1.000	0.000	0.000	1.000	0.000
290.000	0.000	120.714	0.680	28.160	129.593	30.769	0.000	0.000	1.000	0.000	0.000	1.000	0.000
295.000	0.000	120.734	0.688	28.154	129.652	30.769	0.000	0.000	1.000	0.000	0.000	1.000	0.000
300.000	0.000	120.690	0.685	28.141	129.660	30.769	0.000	0.000	1.000	0.000	0.000	1.000	0.000
305.000	0.000	120.646	0.682	28.145	129.695	30.769	0.000	0.000	1.000	0.000	0.000	1.000	0.000
310.000	0.000	120.718	0.688	28.148	129.716	30.769	0.000	0.000	1.000	0.000	0.000	1.000	0.000
315.000	0.000	120.657	0.679	28.150	129.741	30.769	0.000	0.000	1.000	0.000	0.000	1.000	0.000
320.000	0.000	120.693	0.688	28.161	129.799	30.769	0.000	0.000	1.000	0.000	0.000	1.000	0.000
325.000	0.000	120.610	0.686	28.170	129.805	30.769	0.000	0.000	1.000	0.000	0.000	1.000	0.000
330.000	0.000	120.632	0.684	28.175	129.828	30.769	0.000	0.000	1.000	0.000	0.000	1.000	0.000
335.000	0.000	120.696	0.677	28.155	129.878	30.769	0.000	0.000	1.000	0.000	0.000	1.000	0.000
340.000	0.000	120.676	0.688	28.154	129.903	30.769	0.000	0.000	1.000	0.000	0.000	1.000	0.000
345.000	0.000	120.648	0.685	28.154	129.959	30.769	0.000	0.000	1.000	0.000	0.000	1.000	0.000
350.000	0.000	120.648	0.684	28.156	129.977	30.769	0.000	0.000	1.000	0.000	0.000	1.000	0.000
355.000	0.000	120.622	0.684	28.156	130.010	30.769	0.000	0.000	1.000	0.000	0.000	1.000	0.000
360.000	0.000	120.526	0.000	28.164	129.726	0.000	0.000	0.000	1.000	0.000	0.000	1.000	0.000
365.000	0.000	120.155	0.000	28.147	128.285	0.000	0.000	0.000	1.000	0.000	0.000	1.000	0.000
370.000	0.000	119.657	0.000	28.087	126.807	0.000	0.000	0.000	1.000	0.000	0.000	1.000	0.000
375.000	0.000	118.958	0.000	27.914	125.335	0.000	0.000	0.000	1.000	0.000	0.000	1.000	0.000
380.000	0.000	118.054	0.000	27.610	123.814	30.000	0.000	0.000	1.000	0.000	0.000	1.000	0.000
385.000	0.000	116.630	0.000	27.223	122.340	30.000	0.000	0.000	1.000	0.000	0.000	1.000	0.000
390.000	0.000	115.001	0.655	26.793	121.349	30.000	0.000	0.000	1.000	0.000	0.000	0.000	0.000
395.000	0.000	114.900	0.678	26.408	122.736	30.000	0.000	0.000	1.000	0.000	0.000	0.000	0.000
400.000	0.000	115.870	0.684	26.145	124.290	30.000	0.000	0.000	1.000	0.000	0.000	0.000	0.000
405.000	0.000	117.264	0.690	25.969	125.807	30.000	0.000	0.000	1.000	0.000	0.000	0.000	0.000
410.000	0.000	118.077	0.685	25.893	127.320	30.000	0.000	0.000	1.000	0.000	0.000	0.000	0.000
415.000	0.000	118.849	0.679	26.049	128.838	30.000	0.000	0.000	1.000	0.000	0.000	0.000	0.000
420.000	0.000	119.781	0.680	26.481	130.385	30.000	0.000	0.000	1.000	0.000	0.000	0.000	0.000
425.000	0.000	121.049	0.684	26.967	131.922	30.000	0.000	0.000	1.000	0.000	0.000	0.000	0.000
430.000	0.000	121.625	0.687	27.365	132.493	30.000	0.000	0.000	1.000	0.000	0.000	1.000	0.000
435.000	0.000	121.723	0.679	27.657	132.515	30.000	0.000	0.000	1.000	0.000	0.000	1.000	0.000
440.000	0.000	121.828	0.678	27.853	132.545	30.000	0.000	0.000	1.000	0.000	0.000	1.000	0.000
445.000	0.000	121.856	0.684	27.996	132.540	30.000	0.000	0.000	1.000	0.000	0.000	1.000	0.000
450.000	0.000	121.842	0.686	28.092	132.582	30.000	0.000	0.000	1.000	0.000	0.000	1.000	0.000
455.000	0.000	121.837	0.684	28.150	132.601	30.000	0.000	0.000	1.000	0.000	0.000	1.000	0.000
460.000	0.000	121.783	0.690	28.200	132.345	30.000	0.000	0.000	1.000	0.000	0.000	1.000	0.000
465.000	0.000	121.427	0.689	28.221	131.090	30.000	0.000	0.000	1.000	0.000	0.000	1.000	0.000
470.000	0.000	121.317	0.678	28.243	131.057	30.000	0.000	0.000	1.000	0.000	0.000	1.000	0.000
475.000	0.000	121.286	0.686	28.249	131.084	30.000	0.000	0.000	1.000	0.000	0.000	1.000	0.000
480.000	0.000	121.263	0.685	28.236	131.122	30.000	0.000	0.000	1.000	0.000	0.000	1.000	0.000
485.000	0.000	121.304	0.689	28.237	131.133	30.000	0.000	0.000	1.000	0.000	0.000	1.000	0.000
490.000	0.000	121.264	0.684	28.238	131.168	30.000	0.000	0.000	1.000	0.000	0.000	1.000	0.000
495.000	0.000	121.218	0.683	28.232	131.184	30.000	0.000	0.000	1.000	0.000	0.000	1.000	0.000
500.000	0.000	121.283	0.687	28.230	131.220	30.000	0.000	0.000	1.000	0.000	0.000	1.000	0.000
505.000	0.000	121.238	0.679	28.227	131.291	30.000	0.000	0.000	1.000	0.000	0.000	1.000	0.000
510.000	0.000	121.017	0.000	28.240	130.611	78.921	0.000	0.000	1.000	0.000	0.000	1.000	0.000
515.000	0.000	120.636	0.263	28.231	129.198	100.000	0.000	0.000	1.000	0.000	0.000	1.000	0.000
520.000	0.000	120.488	0.966	28.204	129.264	100.000	0.000	0.000	1.000	0.000	0.000	1.000	0.000
525.000	0.000	120.514	0.952	28.182	129.823	100.000	0.000	0.000	1.000	0.000	0.000	1.000	0.000
530.000	0.000	120.696	0.979	28.177	130.373	100.000	0.000	0.000	1.000	0.000	0.000	1.000	0.000
535.000	0.000	120.855	0.957	28.192	130.969	100.000	0.000	0.000	1.000	0.000	0.000	1.000	0.000
540.000	0.000	121.184	0.986	28.214	131.561	100.000	0.000	0.000	1.000	0.000	0.000	1.000	0.000
545.000	0.000	121.449	0.962	28.231	132.165	100.000	0.000	0.000	1.000	0.000	0.000	1.000	0.000
550.000	0.000	121.704	0.985	28.248	132.755	100.000	0.000	0.000	1.000	0.000	0.000	1.000	0.000
555.000	0.000	122.119	0.968	28.268	133.365	100.000	0.000	0.000	1.000	0.000	0.000	1.000	0.000
560.000	0.000	122.684	0.981	28.285	133.946	100.000	0.000	0.000	1.000	0.000	0.000	1.000	0.000
565.000	0.000	123.264	0.957	28.306	134.533	100.000	0.000	0.000	1.000	0.000	0.000	1.000	0.000
570.000	0.000	123.801	0.976	28.314	135.086	100.000	0.000	0.000	1.000	0.000	0.000	1.000	0.000
575.000	0.000	124.380	0.981	28.324	135.633	100.000	0.000	0.000	1.000	0.000	0.000	1.000	0.000
580.000	0.000	125.002	0.955	28.339	136.186	100.000	0.000	0.000	1.000	0.000	0.000	1.000	0.000
585.000	0.000	125.589	0.984	28.351	136.715	100.000	0.000	0.000	1.000	0.000	0.000	1.000	0.000
590.000	0.000	126.150	0.956	28.360	137.259	100.000	0.000	0.000	1.000	0.000	0.000	1.000	0.000
595.000	0.000	126.640	0.912	28.367	137.790	100.000	0.000	0.000	1.000	0.000	0.000	1.000	0.000
600.000	0.000	127.104	0.961	28.366	138.233	100.000	0.000	0.000	1.000	0.000	0.000	1.000	0.000
605.000	0.000	127.664	0.960	28.375	138.817	100.000	0.000	0.000	1.000	0.000	0.000	1.000	0.000
610.000	0.000	128.199	0.959	28.374	139.317	100.000	0.000	0.000	1.000	0.000	0.000	1.000	0.000
615.000	0.000	128.784	0.954	28.372	139.864	100.000	0.000	0.000	1.000	0.000	0.000	1.000	0.000
620.000	0.000	129.317	0.958	28.378	140.406	100.000	0.000	0.000	1.000	0.000	0.000	1.000	0.000
625.000	0.000	129.878	0.952	28.373	140.906	100.000	0.000	0.000	1.000	0.000	0.000	1.000	0.000
630.000	0.000	130.447	0.960	28.371	141.445	100.000	0.000	0.000	1.000	0.000	0.000	1.000	0.000
635.000	0.000	131.054	0.956	28.371	141.966	100.000	0.000	0.000	1.000	0.000	0.000	1.000	0.000
640.000	0.000	131.655	0.957	28.370	142.503	100.000	0.000	0.000	1.000	0.000	0.000	1.000	0.000
645.000	0.000	132.085	0.960	28.366	143.016	97.488	0.000	0.000	1.000	0.000	0.000	1.000	0.000
650.000	0.000	132.585	0.911	28.372	143.544	71.975	0.000	0.000	1.000	0.000	0.000	1.000	0.000
655.000	0.000	132.994	0.875	28.371	143.922	41.709	0.000	0.000	1.000	0.000	0.000	1.000	0.000
660.000	0.000	133.128	0.000	28.379	143.698	0.000	0.000	0.000	1.000	0.000	0.000	1.000	0.000
665.000	0.000	132.701	0.000	28.385	142.129	0.000	0.000	0.000	1.000	0.000	0.000	1.000	0.000
670.000	0.000	131.782	0.000	28.383	140.584	0.103	0.000	0.000	1.000	0.000	0.000	1.000	0.000
675.000	0.000	130.678	0.000	28.383	139.066	0.103	0.000	0.000	1.000	0.000	0.000	1.000	0.000
680.000	0.000	129.292	0.000	28.383	137.534	18.228	0.000	0.000	1.000	0.000	0.000	1.000	0.000
685.000	0.000	128.024	0.000	28.371	136.013	100.000	0.000	0.000	1.000	0.000	0.000	1.000	0.000
690.000	0.000	127.319	0.909	28.358	135.610	100.000	0.000	0.000	1.000	0.000	0.000	1.000	0.000
695.000	0.000	127.234	0.953	28.349	136.135	100.000	0.000	0.000	1.000	0.000	0.000	1.000	0.000
700.000	0.000	127.239	0.955	28.342	136.662	100.000	0.000	0.000	1.000	0.000	0.000	1.000	0.000
705.000	0.000	127.314	0.955	28.354	137.215	100.000	0.000	0.000	1.000	0.000	0.000	1.000	0.000
710.000	0.000	127.562	0.960	28.370	137.739	100.000	0.000	0.000	1.000	0.000	0.000	1.000	0.000
715.000	0.000	127.950	0.959	28.384	138.245	100.000	0.000	0.000	1.000	0.000	0.000	1.000	0.000
720.000	0.000	128.351	0.954	28.394	138.795	100.000	0.000	0.000	1.000	0.000	0.000	1.000	0.000
725.000	0.000	128.740	0.957	28.411	139.300	100.000	0.000	0.000	1.000	0.000	0.000	1.000	0.000
730.000	0.000	129.249	0.960	28.421	139.883	100.000	0.000	0.000	1.000	0.000	0.000	1.000	0.000
735.000	0.000	129.639	0.956	28.423	140.385	100.000	0.000	0.000	1.000	0.000	0.000	1.000	0.000
740.000	0.000	130.156	0.952	28.431	140.928	100.000	0.000	0.000	1.000	0.000	0.000	1.000	0.000
745.000	0.000	130.634	0.957	28.438	141.448	100.000	0.000	0.000	1.000	0.000	0.000	1.000	0.000
750.000	0.000	131.148	0.945	28.439	141.972	100.000	0.000	0.000	1.000	0.000	0.000	1.000	0.000
755.000	0.000	131.628	0.946	28.438	142.499	100.000	0.000	0.000	1.000	0.000	0.000	1.000	0.000
760.000	0.000	132.136	0.953	28.450	143.014	95.395	0.000	0.000	1.000	0.000	0.000	1.000	0.000
765.000	0.000	132.550	0.955	28.448	143.542	72.421	0.000	0.000	1.000	0.000	0.000	1.000	0.000
770.000	0.000	132.999	0.858	28.449	143.938	40.971	0.000	0.000	1.000	0.000	0.000	1.000	0.000
775.000	0.000	133.169	0.000	28.455	143.733	0.000	0.000	0.000	1.000	0.000	0.000	1.000	0.000
780.000	0.000	132.637	0.000	28.452	142.155	0.000	0.000	0.000	1.000	0.000	0.000	1.000	0.000
785.000	0.000	131.830	0.000	28.452	140.603	0.388	0.000	0.000	1.000	0.000	0.000	1.000	0.000
790.000	0.000	130.739	0.000	28.448	139.089	0.388	0.000	0.000	1.000	0.000	0.000	1.000	0.000
795.000	0.000	129.319	0.000	28.452	137.547	20.027	0.000	0.000	1.000	0.000	0.000	1.000	0.000
800.000	0.000	128.051	0.000	28.446	136.031	98.521	0.000	0.000	1.000	0.000	0.000	1.000	0.000
805.000	0.000	127.315	0.909	28.428	135.648	100.000	0.000	0.000	1.000	0.000	0.000	1.000	0.000
810.000	0.000	127.319	0.926	28.420	136.193	100.000	0.000	0.000	1.000	0.000	0.000	1.000	0.000
815.000	0.000	127.289	0.954	28.414	136.698	100.000	0.000	0.000	1.000	0.000	0.000	1.000	0.000
820.000	0.000	127.407	0.949	28.417	137.229	100.000	0.000	0.000	1.000	0.000	0.000	1.000	0.000
825.000	0.000	127.644	0.951	28.429	137.751	100.000	0.000	0.000	1.000	0.000	0.000	1.000	0.000
830.000	0.000	128.038	0.952	28.447	138.325	100.000	0.000	0.000	1.000	0.000	0.000	1.000	0.000
835.000	0.000	128.412	0.944	28.453	138.834	100.000	0.000	0.000	1.000	0.000	0.000	1.000	0.000
840.000	0.000	128.779	0.958	28.464	139.363	100.000	0.000	0.000	1.000	0.000	0.000	1.000	0.000
845.000	0.000	129.150	0.943	28.468	139.848	31.538	0.000	0.000	1.000	0.000	0.000	1.000	0.000
850.000	0.000	129.669	0.787	28.477	140.358	31.538	0.000	0.000	1.000	0.000	0.000	1.000	0.000
855.000	0.000	129.695	0.698	28.485	140.264	31.538	0.000	0.000	1.000	0.000	0.000	1.000	0.000
860.000	0.000	129.730	0.461	28.487	140.236	31.538	0.000	0.000	1.000	0.000	0.000	1.000	0.000
865.000	0.000	129.595	0.670	28.490	140.035	31.538	0.000	0.000	1.000	0.000	0.000	1.000	0.000
870.000	0.000	129.594	0.673	28.492	139.987	31.538	0.000	0.000	1.000	0.000	0.000	1.000	0.000
875.000	0.000	129.556	0.674	28.487	139.988	31.538	0.000	0.000	1.000	0.000	0.000	1.000	0.000
880.000	0.000	129.555	0.673	28.492	139.985	31.538	0.000	0.000	1.000	0.000	0.000	1.000	0.000
885.000	0.000	129.554	0.673	28.491	139.971	31.538	0.000	0.000	1.000	0.000	0.000	1.000	0.000
890.000	0.000	129.566	0.677	28.493	139.955	31.538	0.000	0.000	1.000	0.000	0.000	1.000	0.000
895.000	0.000	129.564	0.669	28.493	139.974	31.538	0.000	0.000	1.000	0.000	0.000	1.000	0.000
900.000	0.000	129.552	0.677	28.495	139.951	31.538	0.000	0.000	1.000	0.000	0.000	1.000	0.000
905.000	0.000	129.512	0.673	28.493	139.946	31.538	0.000	0.000	1.000	0.000	0.000	1.000	0.000
910.000	0.000	129.544	0.674	28.494	139.964	31.538	0.000	0.000	1.000	0.000	0.000	1.000	0.000
915.000	0.000	129.540	0.673	28.495	139.971	31.538	0.000	0.000	1.000	0.000	0.000	1.000	0.000
920.000	0.000	129.517	0.677	28.497	139.921	31.538	0.000	0.000	1.000	0.000	0.000	1.000	0.000
925.000	0.000	129.597	0.675	28.493	139.940	31.538	0.000	0.000	1.000	0.000	0.000	1.000	0.000
930.000	0.000	129.538	0.675	28.500	139.915	31.538	0.000	0.000	1.000	0.000	0.000	1.000	0.000
935.000	0.000	129.539	0.671	28.503	139.917	31.538	0.000	0.000	1.000	0.000	0.000	1.000	0.000
940.000	0.000	129.465	0.680	28.499	139.929	31.538	0.000	0.000	1.000	0.000	0.000	1.000	0.000
945.000	0.000	129.469	0.677	28.499	139.894	31.538	0.000	0.000	1.000	0.000	0.000	1.000	0.000
950.000	0.000	129.493	0.673	28.507	139.927	31.538	0.000	0.000	1.000	0.000	0.000	1.000	0.000
955.000	0.000	129.472	0.670	28.507	139.912	31.538	0.000	0.000	1.000	0.000	0.000	1.000	0.000
960.000	0.000	129.458	0.677	28.511	139.887	31.538	0.000	0.000	1.000	0.000	0.000	1.000	0.000
965.000	0.000	129.478	0.682	28.511	139.872	31.538	0.000	0.000	1.000	0.000	0.000	1.000	0.000
970.000	0.000	129.476	0.675	28.514	139.884	31.538	0.000	0.000	1.000	0.000	0.000	1.000	0.000
975.000	0.000	129.419	0.674	28.512	139.847	31.538	0.000	0.000	1.000	0.000	0.000	1.000	0.000
980.000	0.000	129.469	0.673	28.517	139.839	31.538	0.000	0.000	1.000	0.000	0.000	1.000	0.000
985.000	0.000	129.504	0.670	28.512	139.829	31.538	0.000	0.000	1.000	0.000	0.000	1.000	0.000
990.000	0.000	129.413	0.675	28.516	139.812	31.538	0.000	0.000	1.000	0.000	0.000	1.000	0.000
995.000	0.000	129.431	0.676	28.513	139.810	31.538	0.000	0.000	1.000	0.000	0.000	1.000	0.000
1000.000	0.000	129.387	0.669	28.520	139.806	31.538	0.000	0.000	1.000	0.000	0.000	1.000	0.000
1005.000	0.000	129.424	0.675	28.519	139.798	31.538	0.000	0.000	1.000	0.000	0.000	1.000	0.000
1010.000	0.000	129.414	0.667	28.524	139.797	31.538	0.000	0.000	1.000	0.000	0.000	1.000	0.000
1015.000	0.000	129.384	0.668	28.526	139.817	31.538	0.000	0.000	1.000	0.000	0.000	1.000	0.000
1020.000	0.000	129.380	0.668	28.525	139.790	31.538	0.000	0.000	1.000	0.000	0.000	1.000	0.000
1025.000	0.000	129.270	0.671	28.518	139.132	31.538	0.000	0.000	1.000	0.000	0.000	1.000	1.000
1030.000	0.000	126.355	0.676	28.511	131.963	31.538	0.000	0.000	1.000	0.000	0.000	1.000	1.000
1035.000	0.000	122.397	0.671	28.392	125.612	31.538	0.000	0.000	1.000	0.000	0.000	1.000	0.000
1040.000	0.000	121.214	0.676	27.993	125.433	31.538	0.000	0.000	1.000	0.000	0.000	1.000	0.000
1045.000	0.000	120.649	0.675	27.458	125.439	31.538	0.000	0.000	1.000	0.000	0.000	1.000	0.000
1050.000	0.000	120.282	0.674	26.887	125.446	31.538	0.000	0.000	1.000	0.000	0.000	1.000	0.000
1055.000	0.000	119.956	0.671	26.425	125.467	31.538	0.000	0.000	1.000	0.000	0.000	1.000	0.000
1060.000	0.000	119.693	0.674	26.047	125.494	31.538	0.000	0.000	1.000	0.000	0.000	1.000	0.000
1065.000	0.000	119.479	0.674	25.667	125.514	31.538	0.000	0.000	1.000	0.000	0.000	1.000	0.000
1070.000	0.000	119.278	0.676	25.413	125.513	31.538	0.000	0.000	1.000	0.000	0.000	1.000	0.000
1075.000	0.000	119.175	0.672	25.195	125.553	31.538	0.000	0.000	1.000	0.000	0.000	1.000	0.000
1080.000	0.000	119.096	0.672	25.079	125.641	31.538	0.000	0.000	1.000	0.000	0.000	0.000	0.000
1085.000	0.000	119.218	0.672	24.992	126.995	31.538	0.000	0.000	1.000	0.000	0.000	0.000	0.000
1090.000	0.000	119.996	0.669	25.103	128.489	31.538	0.000	0.000	1.000	0.000	0.000	0.000	0.000
1095.000	0.000	120.790	0.677	25.716	129.848	31.538	0.000	0.000	1.000	0.000	0.000	1.000	0.000
1100.000	0.000	120.866	0.677	26.402	129.990	31.538	0.000	0.000	1.000	0.000	0.000	1.000	0.000
1105.000	0.000	120.816	0.677	26.913	130.026	31.538	0.000	0.000	1.000	0.000	0.000	1.000	0.000
1110.000	0.000	120.803	0.671	27.293	130.033	31.538	0.000	0.000	1.000	0.000	0.000	1.000	0.000
1115.000	0.000	120.765	0.675	27.582	130.029	31.538	0.000	0.000	1.000	0.000	0.000	1.000	0.000
1120.000	0.000	120.681	0.678	27.797	130.002	31.538	0.000	0.000	1.000	0.000	0.000	1.000	0.000
1125.000	0.000	120.690	0.670	27.934	130.033	31.538	0.000	0.000	1.000	0.000	0.000	1.000	0.000
1130.000	0.000	120.646	0.679	28.021	130.032	31.538	0.000	0.000	1.000	0.000	0.000	1.000	0.000
1135.000	0.000	120.623	0.674	28.070	130.056	31.538	0.000	0.000	1.000	0.000	0.000	1.000	0.000
1140.000	0.000	120.616	0.673	28.107	130.058	31.538	0.000	0.000	1.000	0.000	0.000	1.000	0.000
1145.000	0.000	120.668	0.667	28.126	130.093	31.538	0.000	0.000	1.000	0.000	0.000	1.000	0.000
1150.000	0.000	120.566	0.672	28.147	130.076	31.538	0.000	0.000	1.000	0.000	0.000	1.000	0.000
1155.000	0.000	120.569	0.672	28.155	130.094	31.538	0.000	0.000	1.000	0.000	0.000	1.000	0.000
1160.000	0.000	120.517	0.672	28.160	130.091	31.538	0.000	0.000	1.000	0.000	0.000	1.000	0.000
1165.000	0.000	120.506	0.674	28.171	130.105	31.538	0.000	0.000	1.000	0.000	0.000	1.000	0.000
1170.000	0.000	120.542	0.672	28.186	130.129	31.538	0.000	0.000	1.000	0.000	0.000	1.000	0.000
1175.000	0.000	120.413	0.676	28.203	130.117	31.538	0.000	0.000	1.000	0.000	0.000	1.000	0.000
1180.000	0.000	120.376	0.667	28.213	130.150	31.538	0.000	0.000	1.000	0.000	0.000	1.000	0.000
1185.000	0.000	120.362	0.674	28.209	130.161	31.538	0.000	0.000	1.000	0.000	0.000	1.000	0.000
1190.000	0.000	120.355	0.673	28.233	130.156	31.538	0.000	0.000	1.000	0.000	0.000	1.000	0.000
1195.000	0.000	120.396	0.671	28.253	130.186	31.538	0.000	0.000	1.000	0.000	0.000	1.000	0.000
1200.000	0.000	120.386	0.668	28.253	130.165	31.538	0.000	0.000	1.000	0.000	0.000	1.000	0.000
1205.000	0.000	120.385	0.670	28.250	130.145	31.538	0.000	0.000	1.000	0.000	0.000	1.000	0.000
1210.000	0.000	120.319	0.664	28.242	130.178	31.538	0.000	0.000	1.000	0.000	0.000	1.000	0.000
1215.000	0.000	120.239	0.670	28.233	130.171	31.538	0.000	0.000	1.000	0.000	0.000	1.000	0.000
1220.000	0.000	120.249	0.673	28.247	130.175	31.538	0.000	0.000	1.000	0.000	0.000	1.000	0.000
1225.000	0.000	120.248	0.677	28.253	130.170	31.538	0.000	0.000	1.000	0.000	0.000	1.000	0.000
1230.000	0.000	120.216	0.668	28.260	130.168	31.538	0.000	0.000	1.000	0.000	0.000	1.000	0.000
1235.000	0.000	120.233	0.671	28.271	130.166	31.538	0.000	0.000	1.000	0.000	0.000	1.000	0.000
1240.000	0.000	120.208	0.670	28.269	130.181	31.538	0.000	0.000	1.000	0.000	0.000	1.000	0.000
1245.000	0.000	120.180	0.663	28.258	130.177	31.538	0.000	0.000	1.000	0.000	0.000	1.000	0.000
1250.000	0.000	120.201	0.667	28.267	130.194	31.538	0.000	0.000	1.000	0.000	0.000	1.000	0.000
1255.000	0.000	120.161	0.667	28.275	130.179	31.538	0.000	0.000	1.000	0.000	0.000	1.000	0.000
1260.000	0.000	120.141	0.667	28.271	130.186	31.538	0.000	0.000	1.000	0.000	0.000	1.000	0.000
1265.000	0.000	120.173	0.663	28.264	130.177	31.538	0.000	0.000	1.000	0.000	0.000	1.000	0.000
1270.000	0.000	120.196	0.664	28.280	130.166	31.538	0.000	0.000	1.000	0.000	0.000	1.000	0.000
1275.000	0.000	120.140	0.660	28.302	130.156	31.538	0.000	0.000	1.000	0.000	0.000	1.000	0.000
1280.000	0.000	120.071	0.662	28.321	130.148	31.538	0.000	0.000	1.000	0.000	0.000	1.000	0.000
1285.000	0.000	120.091	0.668	28.324	130.152	31.538	0.000	0.000	1.000	0.000	0.000	1.000	0.000
1290.000	0.000	120.148	0.659	28.319	130.151	31.538	0.000	0.000	1.000	0.000	0.000	1.000	0.000
1295.000	0.000	120.177	0.664	28.314	130.126	31.538	0.000	0.000	1.000	0.000	0.000	1.000	0.000
1300.000	0.000	120.057	0.665	28.309	130.133	31.538	0.000	0.000	1.000	0.000	0.000	1.000	0.000
1305.000	0.000	120.041	0.664	28.305	130.119	31.538	0.000	0.000	1.000	0.000	0.000	1.000	0.000
1310.000	0.000	120.061	0.659	28.312	130.079	31.538	0.000	0.000	1.000	0.000	0.000	1.000	0.000
1315.000	0.000	119.998	0.668	28.332	130.099	31.538	0.000	0.000	1.000	0.000	0.000	1.000	0.000
1320.000	0.000	120.022	0.664	28.347	130.078	31.538	0.000	0.000	1.000	0.000	0.000	1.000	0.000
1325.000	0.000	120.059	0.660	28.344	130.056	31.538	0.000	0.000	1.000	0.000	0.000	1.000	0.000
1330.000	0.000	120.053	0.658	28.333	130.032	31.538	0.000	0.000	1.000	0.000	0.000	1.000	0.000
1335.000	0.000	120.023	0.657	28.334	130.047	31.538	0.000	0.000	1.000	0.000	0.000	1.000	0.000
1340.000	0.000	120.015	0.661	28.328	130.048	31.538	0.000	0.000	1.000	0.000	0.000	1.000	0.000
1345.000	0.000	119.986	0.667	28.331	130.010	31.538	0.000	0.000	1.000	0.000	0.000	1.000	0.000
1350.000	0.000	119.980	0.662	28.335	130.021	31.538	0.000	0.000	1.000	0.000	0.000	1.000	0.000
1355.000	0.000	120.016	0.662	28.341	130.012	31.538	0.000	0.000	1.000	0.000	0.000	1.000	0.000
1360.000	0.000	119.944	0.660	28.348	129.970	31.538	0.000	0.000	1.000	0.000	0.000	1.000	0.000
1365.000	0.000	119.940	0.662	28.364	129.956	31.538	0.000	0.000	1.000	0.000	0.000	1.000	0.000
1370.000	0.000	120.011	0.664	28.372	129.965	31.538	0.000	0.000	1.000	0.000	0.000	1.000	0.000
1375.000	0.000	120.016	0.664	28.380	129.986	31.538	0.000	0.000	1.000	0.000	0.000	1.000	0.000
1380.000	0.000	119.983	0.660	28.382	129.971	31.538	0.000	0.000	1.000	0.000	0.000	1.000	0.000
1385.000	0.000	120.018	0.662	28.368	129.965	31.538	0.000	0.000	1.000	0.000	0.000	1.000	0.000
1390.000	0.000	119.950	0.664	28.362	129.933	31.538	0.000	0.000	1.000	0.000	0.000	1.000	0.000
1395.000	0.000	119.982	0.659	28.345	129.886	31.538	0.000	0.000	1.000	0.000	0.000	1.000	0.000
1400.000	0.000	119.987	0.661	28.338	129.916	31.538	0.000	0.000	1.000	0.000	0.000	1.000	0.000
1405.000	0.000	119.991	0.657	28.338	129.927	31.538	0.000	0.000	1.000	0.000	0.000	1.000	0.000
1410.000	0.000	119.967	0.667	28.335	129.888	31.538	0.000	0.000	1.000	0.000	0.000	1.000	0.000
1415.000	0.000	119.958	0.657	28.334	129.848	31.538	0.000	0.000	1.000	0.000	0.000	1.000	0.000
1420.000	0.000	119.906	0.655	28.328	129.870	31.538	0.000	0.000	1.000	0.000	0.000	1.000	0.000
1425.000	0.000	119.908	0.663	28.330	129.854	31.538	0.000	0.000	1.000	0.000	0.000	1.000	0.000
1430.000	0.000	119.879	0.660	28.329	129.841	31.538	0.000	0.000	1.000	0.000	0.000	1.000	0.000
1435.000	0.000	119.879	0.660	28.328	129.850	31.538	0.000	0.000	1.000	0.000	0.000	1.000	0.000
1440.000	0.000	119.917	0.503	28.338	129.867	0.000	0.000	0.000	1.000	0.000	0.000	1.000	0.000
1445.000	0.000	119.564	0.000	28.353	128.594	0.000	0.000	0.000	1.000	0.000	0.000	1.000	0.000
1450.000	0.000	119.172	0.000	28.301	127.136	0.000	0.000	0.000	1.000	0.000	0.000	1.000	0.000
1455.000	0.000	118.586	0.000	28.182	125.645	0.000	0.000	0.000	1.000	0.000	0.000	1.000	0.000
1460.000	0.000	117.812	0.000	27.936	124.153	0.000	0.000	0.000	1.000	0.000	0.000	1.000	0.000
1465.000	0.000	116.804	0.000	27.622	122.660	30.000	0.000	0.000	1.000	0.000	0.000	1.000	0.000
1470.000	0.000	115.117	0.000	27.206	121.524	30.000	0.000	0.000	1.000	0.000	0.000	0.000	0.000
1475.000	0.000	115.002	0.577	26.733	122.602	30.000	0.000	0.000	1.000	0.000	0.000	0.000	0.000
1480.000	0.000	115.573	0.651	26.327	123.846	30.000	0.000	0.000	1.000	0.000	0.000	0.000	0.000
1485.000	0.000	116.836	0.426	26.053	125.229	30.000	0.000	0.000	1.000	0.000	0.000	0.000	0.000
1490.000	0.000	117.519	0.668	25.877	126.515	30.000	0.000	0.000	1.000	0.000	0.000	0.000	0.000
1495.000	0.000	118.130	0.672	25.868	127.988	30.000	0.000	0.000	1.000	0.000	0.000	0.000	0.000
1500.000	0.000	118.892	0.674	26.266	129.480	30.000	0.000	0.000	1.000	0.000	0.000	0.000	0.000
1505.000	0.000	119.958	0.671	26.828	130.970	30.000	0.000	0.000	1.000	0.000	0.000	1.000	0.000
1510.000	0.000	120.354	0.680	27.350	131.269	30.000	0.000	0.000	1.000	0.000	0.000	1.000	0.000
1515.000	0.000	120.337	0.676	27.733	131.291	30.000	0.000	0.000	1.000	0.000	0.000	1.000	0.000
1520.000	0.000	120.383	0.678	28.003	131.321	30.000	0.000	0.000	1.000	0.000	0.000	1.000	0.000
1525.000	0.000	120.447	0.682	28.186	131.298	30.000	0.000	0.000	1.000	0.000	0.000	1.000	0.000
1530.000	0.000	120.430	0.676	28.311	131.326	30.000	0.000	0.000	1.000	0.000	0.000	1.000	0.000
1535.000	0.000	120.431	0.678	28.397	131.316	30.000	0.000	0.000	1.000	0.000	0.000	1.000	0.000
1540.000	0.000	120.462	0.675	28.458	131.323	0.000	0.000	0.000	1.000	0.000	0.000	1.000	0.000
1545.000	0.000	120.194	0.000	28.512	130.295	0.000	0.000	0.000	1.000	0.000	0.000	1.000	0.000
1550.000	0.000	119.620	0.000	28.530	128.767	0.000	0.000	0.000	1.000	0.000	0.000	1.000	0.000
1555.000	0.000	119.185	0.000	28.506	127.321	0.000	0.000	0.000	1.000	0.000	0.000	1.000	0.000
1560.000	0.000	118.526	0.000	28.400	125.801	59.378	0.000	0.000	1.000	0.000	0.000	1.000	0.000
1565.000	0.000	117.690	0.109	28.173	124.349	100.000	0.000	0.000	1.000	0.000	0.000	1.000	0.000
1570.000	0.000	117.349	0.929	27.804	124.231	100.000	0.000	0.000	1.000	0.000	0.000	1.000	0.000
1575.000	0.000	117.268	0.942	27.391	124.764	100.000	0.000	0.000	1.000	0.000	0.000	1.000	0.000
1580.000	0.000	117.279	0.937	26.999	125.329	100.000	0.000	0.000	1.000	0.000	0.000	1.000	0.000
1585.000	0.000	117.355	0.941	26.656	125.819	100.000	0.000	0.000	1.000	0.000	0.000	1.000	0.000
1590.000	0.000	117.594	0.948	26.431	126.374	100.000	0.000	0.000	1.000	0.000	0.000	1.000	0.000
1595.000	0.000	117.736	0.941	26.316	126.880	100.000	0.000	0.000	1.000	0.000	0.000	1.000	0.000
1600.000	0.000	117.958	0.946	26.296	127.451	100.000	0.000	0.000	1.000	0.000	0.000	1.000	0.000
1605.000	0.000	118.124	0.947	26.445	127.966	100.000	0.000	0.000	1.000	0.000	0.000	1.000	0.000
1610.000	0.000	118.365	0.948	26.848	128.474	100.000	0.000	0.000	1.000	0.000	0.000	1.000	0.000
1615.000	0.000	118.652	0.935	27.291	128.985	100.000	0.000	0.000	1.000	0.000	0.000	1.000	0.000
1620.000	0.000	119.019	0.938	27.662	129.540	100.000	0.000	0.000	1.000	0.000	0.000	1.000	0.000
1625.000	0.000	119.275	0.950	27.965	130.097	100.000	0.000	0.000	1.000	0.000	0.000	1.000	0.000
1630.000	0.000	119.751	0.945	28.181	130.621	100.000	0.000	0.000	1.000	0.000	0.000	1.000	0.000
1635.000	0.000	120.231	0.945	28.342	131.189	100.000	0.000	0.000	1.000	0.000	0.000	1.000	0.000
1640.000	0.000	120.686	0.944	28.451	131.682	100.000	0.000	0.000	1.000	0.000	0.000	1.000	0.000
1645.000	0.000	121.207	0.946	28.541	132.250	100.000	0.000	0.000	1.000	0.000	0.000	1.000	0.000
1650.000	0.000	121.626	0.943	28.595	132.788	100.000	0.000	0.000	1.000	0.000	0.000	1.000	0.000
1655.000	0.000	122.089	0.946	28.637	133.305	100.000	0.000	0.000	1.000	0.000	0.000	1.000	0.000
1660.000	0.000	122.566	0.949	28.675	133.834	100.000	0.000	0.000	1.000	0.000	0.000	1.000	0.000
1665.000	0.000	123.114	0.943	28.695	134.357	100.000	0.000	0.000	1.000	0.000	0.000	1.000	0.000
1670.000	0.000	123.648	0.949	28.716	134.873	100.000	0.000	0.000	1.000	0.000	0.000	1.000	0.000
1675.000	0.000	124.186	0.943	28.731	135.409	100.000	0.000	0.000	1.000	0.000	0.000	1.000	0.000
1680.000	0.000	124.685	0.946	28.742	135.924	100.000	0.000	0.000	1.000	0.000	0.000	1.000	0.000
1685.000	0.000	125.225	0.939	28.753	136.455	100.000	0.000	0.000	1.000	0.000	0.000	1.000	0.000
1690.000	0.000	125.731	0.951	28.767	136.944	100.000	0.000	0.000	1.000	0.000	0.000	1.000	0.000
1695.000	0.000	126.218	0.949	28.779	137.455	100.000	0.000	0.000	1.000	0.000	0.000	1.000	0.000
1700.000	0.000	126.740	0.952	28.788	137.976	100.000	0.000	0.000	1.000	0.000	0.000	1.000	0.000
1705.000	0.000	127.247	0.957	28.791	138.490	100.000	0.000	0.000	1.000	0.000	0.000	1.000	0.000
1710.000	0.000	127.781	0.959	28.795	139.003	100.000	0.000	0.000	1.000	0.000	0.000	1.000	0.000
1715.000	0.000	128.290	0.954	28.799	139.515	100.000	0.000	0.000	1.000	0.000	0.000	1.000	0.000
1720.000	0.000	128.823	0.954	28.797	140.053	100.000	0.000	0.000	1.000	0.000	0.000	1.000	0.000
1725.000	0.000	129.379	0.954	28.796	140.562	100.000	0.000	0.000	1.000	0.000	0.000	1.000	0.000
1730.000	0.000	129.890	0.954	28.792	141.056	100.000	0.000	0.000	1.000	0.000	0.000	1.000	0.000
1735.000	0.000	130.455	0.956	28.793	141.593	100.000	0.000	0.000	1.000	0.000	0.000	1.000	0.000
1740.000	0.000	131.029	0.948	28.798	142.099	98.819	0.000	0.000	1.000	0.000	0.000	1.000	0.000
1745.000	0.000	131.643	0.933	28.793	142.606	61.028	0.000	0.000	1.000	0.000	0.000	1.000	0.000
1750.000	0.000	131.944	0.653	28.794	142.883	18.147	0.000	0.000	1.000	0.000	0.000	1.000	0.000
1755.000	0.000	131.673	0.000	28.797	141.916	0.000	0.000	0.000	1.000	0.000	0.000	1.000	0.000
1760.000	0.000	131.108	0.000	28.794	140.345	0.000	0.000	0.000	1.000	0.000	0.000	1.000	0.000
1765.000	0.000	129.938	0.000	28.794	138.813	0.000	0.000	0.000	1.000	0.000	0.000	1.000	0.000
1770.000	0.000	128.747	0.000	28.791	137.293	8.603	0.000	0.000	1.000	0.000	0.000	1.000	0.000
1775.000	0.000	127.524	0.000	28.787	135.763	69.104	0.000	0.000	1.000	0.000	0.000	1.000	0.000
1780.000	0.000	126.667	0.809	28.774	134.858	100.000	0.000	0.000	1.000	0.000	0.000	1.000	0.000
1785.000	0.000	126.560	0.952	28.753	135.361	100.000	0.000	0.000	1.000	0.000	0.000	1.000	0.000
1790.000	0.000	126.542	0.918	28.745	135.846	100.000	0.000	0.000	1.000	0.000	0.000	1.000	0.000
1795.000	0.000	126.569	0.943	28.749	136.357	100.000	0.000	0.000	1.000	0.000	0.000	1.000	0.000
1800.000	0.000	126.782	0.933	28.758	136.836	100.000	0.000	0.000	1.000	0.000	0.000	1.000	0.000
1805.000	0.000	126.991	0.919	28.772	137.333	100.000	0.000	0.000	1.000	0.000	0.000	1.000	0.000
1810.000	0.000	127.322	0.949	28.785	137.836	100.000	0.000	0.000	1.000	0.000	0.000	1.000	0.000
1815.000	0.000	127.666	0.931	28.801	138.273	100.000	0.000	0.000	1.000	0.000	0.000	1.000	0.000
1820.000	0.000	128.075	0.946	28.803	138.807	100.000	0.000	0.000	1.000	0.000	0.000	1.000	0.000
1825.000	0.000	128.513	0.958	28.811	139.327	100.000	0.000	0.000	1.000	0.000	0.000	1.000	0.000
1830.000	0.000	128.923	0.950	28.815	139.831	100.000	0.000	0.000	1.000	0.000	0.000	1.000	0.000
1835.000	0.000	129.380	0.947	28.821	140.318	100.000	0.000	0.000	1.000	0.000	0.000	1.000	0.000
1840.000	0.000	129.841	0.948	28.824	140.859	100.000	0.000	0.000	1.000	0.000	0.000	1.000	0.000
1845.000	0.000	130.417	0.948	28.833	141.387	100.000	0.000	0.000	1.000	0.000	0.000	1.000	0.000
1850.000	0.000	130.927	0.943	28.828	141.908	100.000	0.000	0.000	1.000	0.000	0.000	1.000	0.000
1855.000	0.000	131.447	0.949	28.826	142.414	95.853	0.000	0.000	1.000	0.000	0.000	1.000	0.000
1860.000	0.000	131.857	0.891	28.823	142.798	30.769	0.000	0.000	1.000	0.000	0.000	1.000	0.000
1865.000	0.000	132.060	0.597	28.831	143.011	30.769	0.000	0.000	1.000	0.000	0.000	1.000	0.000
1870.000	0.000	131.666	0.592	28.834	141.300	30.769	0.000	0.000	1.000	0.000	0.000	1.000	1.000
1875.000	0.000	127.312	0.589	28.827	133.516	30.769	0.000	0.000	1.000	0.000	0.000	1.000	1.000
1880.000	0.000	122.418	0.587	28.743	126.126	30.769	0.000	0.000	1.000	0.000	0.000	1.000	0.000
1885.000	0.000	121.038	0.588	28.414	125.640	30.769	0.000	0.000	1.000	0.000	0.000	1.000	0.000
1890.000	0.000	120.466	0.587	27.990	125.483	30.769	0.000	0.000	1.000	0.000	0.000	1.000	0.000
1895.000	0.000	120.027	0.595	27.627	125.360	30.769	0.000	0.000	1.000	0.000	0.000	1.000	0.000
1900.000	0.000	119.663	0.591	27.334	125.181	30.769	0.000	0.000	1.000	0.000	0.000	1.000	0.000
1905.000	0.000	119.209	0.587	27.119	125.037	30.769	0.000	0.000	1.000	0.000	0.000	1.000	0.000
1910.000	0.000	118.892	0.595	26.900	124.916	30.769	0.000	0.000	1.000	0.000	0.000	1.000	0.000
1915.000	0.000	118.616	0.588	26.694	124.768	30.769	0.000	0.000	1.000	0.000	0.000	1.000	0.000
1920.000	0.000	118.353	0.588	26.432	124.632	30.769	0.000	0.000	1.000	0.000	0.000	1.000	0.000
1925.000	0.000	118.158	0.646	26.178	124.525	30.769	0.000	0.000	1.000	0.000	0.000	1.000	0.000
1930.000	0.000	117.978	0.646	26.025	124.487	30.769	0.000	0.000	1.000	0.000	0.000	1.000	0.000
1935.000	0.000	117.826	0.643	25.870	124.428	30.769	0.000	0.000	1.000	0.000	0.000	1.000	0.000
1940.000	0.000	117.731	0.646	25.684	124.663	30.769	0.000	0.000	1.000	0.000	0.000	0.000	0.000
1945.000	0.000	118.013	0.646	25.517	126.037	30.769	0.000	0.000	1.000	0.000	0.000	0.000	0.000
1950.000	0.000	118.725	0.661	25.507	127.507	30.769	0.000	0.000	1.000	0.000	0.000	0.000	0.000
1955.000	0.000	119.659	0.646	25.864	128.893	30.769	0.000	0.000	1.000	0.000	0.000	0.000	0.000
1960.000	0.000	120.534	0.644	26.487	130.258	30.769	0.000	0.000	1.000	0.000	0.000	1.000	0.000
1965.000	0.000	120.689	0.642	27.093	130.429	30.769	0.000	0.000	1.000	0.000	0.000	1.000	0.000
1970.000	0.000	120.667	0.640	27.535	130.336	30.769	0.000	0.000	1.000	0.000	0.000	1.000	0.000
1975.000	0.000	120.635	0.642	27.849	130.270	30.769	0.000	0.000	1.000	0.000	0.000	1.000	0.000
1980.000	0.000	120.519	0.639	28.059	130.234	30.769	0.000	0.000	1.000	0.000	0.000	1.000	0.000
1985.000	0.000	120.459	0.641	28.184	130.166	30.769	0.000	0.000	1.000	0.000	0.000	1.000	0.000
1990.000	0.000	120.382	0.646	28.293	130.079	30.769	0.000	0.000	1.000	0.000	0.000	1.000	0.000
1995.000	0.000	120.469	0.644	28.375	130.033	30.769	0.000	0.000	1.000	0.000	0.000	1.000	0.000
2000.000	0.000	120.313	0.646	28.395	129.991	30.769	0.000	0.000	1.000	0.000	0.000	1.000	0.000
2005.000	0.000	120.246	0.645	28.418	129.902	30.769	0.000	0.000	1.000	0.000	0.000	1.000	0.000
2010.000	0.000	120.165	0.648	28.426	129.864	30.769	0.000	0.000	1.000	0.000	0.000	1.000	0.000
2015.000	0.000	120.177	0.647	28.431	129.823	30.769	0.000	0.000	1.000	0.000	0.000	1.000	0.000
2020.000	0.000	120.180	0.648	28.439	129.758	30.769	0.000	0.000	1.000	0.000	0.000	1.000	0.000
2025.000	0.000	120.086	0.645	28.449	129.749	30.769	0.000	0.000	1.000	0.000	0.000	1.000	0.000
2030.000	0.000	120.064	0.647	28.438	129.663	30.769	0.000	0.000	1.000	0.000	0.000	1.000	0.000
2035.000	0.000	120.027	0.643	28.430	129.595	30.769	0.000	0.000	1.000	0.000	0.000	1.000	0.000
2040.000	0.000	119.989	0.649	28.416	129.567	30.769	0.000	0.000	1.000	0.000	0.000	1.000	0.000
2045.000	0.000	119.929	0.648	28.395	129.514	30.769	0.000	0.000	1.000	0.000	0.000	1.000	0.000
2050.000	0.000	119.927	0.645	28.393	129.431	30.769	0.000	0.000	1.000	0.000	0.000	1.000	0.000
2055.000	0.000	119.910	0.645	28.418	129.405	30.769	0.000	0.000	1.000	0.000	0.000	1.000	0.000
2060.000	0.000	119.751	0.646	28.419	129.344	30.769	0.000	0.000	1.000	0.000	0.000	1.000	0.000
2065.000	0.000	119.730	0.641	28.418	129.310	30.769	0.000	0.000	1.000	0.000	0.000	1.000	0.000
2070.000	0.000	119.690	0.644	28.443	129.271	30.769	0.000	0.000	1.000	0.000	0.000	1.000	0.000
2075.000	0.000	119.715	0.646	28.459	129.212	30.769	0.000	0.000	1.000	0.000	0.000	1.000	0.000
2080.000	0.000	119.685	0.636	28.458	129.142	30.769	0.000	0.000	1.000	0.000	0.000	1.000	0.000
2085.000	0.000	119.605	0.643	28.472	129.102	30.769	0.000	0.000	1.000	0.000	0.000	1.000	0.000
2090.000	0.000	119.659	0.644	28.472	129.044	30.769	0.000	0.000	1.000	0.000	0.000	1.000	0.000
2095.000	0.000	119.650	0.645	28.480	128.987	30.769	0.000	0.000	1.000	0.000	0.000	1.000	0.000
2100.000	0.000	119.571	0.642	28.487	128.939	30.769	0.000	0.000	1.000	0.000	0.000	1.000	0.000
2105.000	0.000	119.568	0.646	28.505	128.902	30.769	0.000	0.000	1.000	0.000	0.000	1.000	0.000
2110.000	0.000	119.496	0.643	28.499	128.858	30.769	0.000	0.000	1.000	0.000	0.000	1.000	0.000
2115.000	0.000	119.468	0.654	28.472	128.794	30.769	0.000	0.000	1.000	0.000	0.000	1.000	0.000
2120.000	0.000	119.462	0.641	28.473	128.746	30.769	0.000	0.000	1.000	0.000	0.000	1.000	0.000
2125.000	0.000	119.426	0.644	28.475	128.689	30.769	0.000	0.000	1.000	0.000	0.000	1.000	0.000
2130.000	0.000	119.336	0.644	28.474	128.634	30.769	0.000	0.000	1.000	0.000	0.000	0.000	0.000
2135.000	0.000	119.716	0.645	28.490	129.650	30.769	0.000	0.000	1.000	0.000	0.000	1.000	0.000
2140.000	0.000	119.704	0.643	28.526	129.728	30.769	0.000	0.000	1.000	0.000	0.000	1.000	0.000
2145.000	0.000	119.667	0.649	28.539	129.663	30.769	0.000	0.000	1.000	0.000	0.000	1.000	0.000
2150.000	0.000	119.565	0.644	28.553	129.632	30.769	0.000	0.000	1.000	0.000	0.000	1.000	0.000
2155.000	0.000	119.590	0.646	28.589	129.547	30.769	0.000	0.000	1.000	0.000	0.000	1.000	0.000
2160.000	0.000	119.607	0.644	28.595	129.503	30.769	0.000	0.000	1.000	0.000	0.000	1.000	0.000
2165.000	0.000	119.523	0.000	28.607	129.274	0.000	0.000	0.000	1.000	0.000	0.000	1.000	0.000
2170.000	0.000	119.099	0.000	28.607	127.829	0.000	0.000	0.000	1.000	0.000	0.000	1.000	0.000
2175.000	0.000	118.627	0.000	28.537	126.346	0.000	0.000	0.000	1.000	0.000	0.000	1.000	0.000
2180.000	0.000	118.030	0.000	28.363	124.863	0.000	0.000	0.000	1.000	0.000	0.000	1.000	0.000
2185.000	0.000	117.260	0.000	28.109	123.377	0.000	0.000	0.000	1.000	0.000	0.000	1.000	0.000
2190.000	0.000	115.931	0.000	27.726	121.883	0.000	0.000	0.000	1.000	0.000	0.000	1.000	0.000
2195.000	0.000	114.094	0.000	27.351	120.417	0.000	0.000	0.000	1.000	0.000	0.000	1.000	0.000
2200.000	0.000	111.740	0.000	26.984	118.939	0.000	0.000	0.000	1.000	0.000	0.000	1.000	0.000
2205.000	0.000	109.734	0.000	26.665	117.491	30.769	0.000	0.000	1.000	0.000	0.000	0.000	0.000
2210.000	0.000	108.992	0.422	26.368	117.493	30.769	0.000	0.000	1.000	0.000	0.000	0.000	0.000
2215.000	0.000	109.208	0.567	26.119	119.082	30.769	0.000	0.000	1.000	0.000	0.000	0.000	0.000
2220.000	0.000	110.239	0.816	25.927	120.417	30.769	0.000	0.000	1.000	0.000	0.000	0.000	0.000
2225.000	0.000	111.589	0.658	25.816	121.871	30.769	0.000	0.000	1.000	0.000	0.000	0.000	0.000
2230.000	0.000	113.275	0.778	25.705	123.385	30.769	0.000	0.000	1.000	0.000	0.000	0.000	0.000
2235.000	0.000	115.054	0.785	25.658	125.085	30.769	0.000	0.000	1.000	0.000	0.000	0.000	0.000
2240.000	0.000	116.479	0.783	25.675	126.777	30.769	0.000	0.000	1.000	0.000	0.000	0.000	0.000
2245.000	0.000	117.754	0.783	25.893	128.438	30.769	0.000	0.000	1.000	0.000	0.000	0.000	0.000
2250.000	0.000	119.127	0.778	26.434	130.154	30.769	0.000	0.000	1.000	0.000	0.000	0.000	0.000
2255.000	0.000	120.637	0.782	27.083	131.733	30.769	0.000	0.000	1.000	0.000	0.000	1.000	0.000
2260.000	0.000	121.055	0.786	27.647	132.064	30.769	0.000	0.000	1.000	0.000	0.000	1.000	0.000
2265.000	0.000	121.202	0.782	28.061	132.273	0.000	0.000	0.000	1.000	0.000	0.000	1.000	0.000
2270.000	0.000	121.015	0.000	28.335	131.409	0.000	0.000	0.000	1.000	0.000	0.000	1.000	0.000
2275.000	0.000	120.510	0.000	28.506	129.855	0.000	0.000	0.000	1.000	0.000	0.000	1.000	0.000
2280.000	0.000	119.927	0.000	28.603	128.386	0.000	0.000	0.000	1.000	0.000	0.000	1.000	0.000
2285.000	0.000	119.284	0.000	28.624	126.944	0.000	0.000	0.000	1.000	0.000	0.000	1.000	0.000
2290.000	0.000	118.526	0.000	28.512	125.477	0.000	0.000	0.000	1.000	0.000	0.000	1.000	0.000
2295.000	0.000	117.654	0.000	28.211	123.941	24.086	0.000	0.000	1.000	0.000	0.000	1.000	0.000
2300.000	0.000	116.450	0.000	27.846	122.448	100.000	0.000	0.000	1.000	0.000	0.000	1.000	0.000
2305.000	0.000	115.407	1.249	27.455	122.295	100.000	0.000	0.000	1.000	0.000	0.000	1.000	0.000
2310.000	0.000	115.435	1.298	27.158	123.513	100.000	0.000	0.000	1.000	0.000	0.000	1.000	0.000
2315.000	0.000	116.220	1.346	26.889	124.689	100.000	0.000	0.000	1.000	0.000	0.000	1.000	0.000
2320.000	0.000	117.161	1.359	26.644	125.916	100.000	0.000	0.000	1.000	0.000	0.000	1.000	0.000
2325.000	0.000	117.759	1.359	26.518	127.177	100.000	0.000	0.000	1.000	0.000	0.000	1.000	0.000
2330.000	0.000	118.407	1.352	26.555	128.417	100.000	0.000	0.000	1.000	0.000	0.000	1.000	0.000
2335.000	0.000	119.201	1.354	26.985	129.666	100.000	0.000	0.000	1.000	0.000	0.000	1.000	0.000
2340.000	0.000	120.172	1.351	27.518	130.922	100.000	0.000	0.000	1.000	0.000	0.000	1.000	0.000
2345.000	0.000	121.253	1.352	27.961	132.200	100.000	0.000	0.000	1.000	0.000	0.000	1.000	0.000
2350.000	0.000	122.269	1.349	28.289	133.471	100.000	0.000	0.000	1.000	0.000	0.000	1.000	0.000
2355.000	0.000	123.503	1.352	28.508	134.739	100.000	0.000	0.000	1.000	0.000	0.000	1.000	0.000
2360.000	0.000	124.751	1.349	28.666	135.987	100.000	0.000	0.000	1.000	0.000	0.000	1.000	0.000
2365.000	0.000	126.002	1.351	28.775	137.204	100.000	0.000	0.000	1.000	0.000	0.000	1.000	0.000
2370.000	0.000	127.328	1.353	28.847	138.434	100.000	0.000	0.000	1.000	0.000	0.000	1.000	0.000
2375.000	0.000	128.610	1.352	28.894	139.666	100.000	0.000	0.000	1.000	0.000	0.000	1.000	0.000
2380.000	0.000	129.753	1.348	28.926	140.904	100.000	0.000	0.000	1.000	0.000	0.000	1.000	0.000
2385.000	0.000	131.107	1.339	28.935	142.129	97.449	0.000	0.000	1.000	0.000	0.000	1.000	0.000
2390.000	0.000	132.335	1.293	28.947	143.343	14.997	0.000	0.000	1.000	0.000	0.000	1.000	0.000
2395.000	0.000	132.476	0.000	28.955	142.789	0.000	0.000	0.000	1.000	0.000	0.000	1.000	0.000
2400.000	0.000	132.022	0.000	28.953	141.201	0.000	0.000	0.000	1.000	0.000	0.000	1.000	0.000
2405.000	0.000	131.082	0.000	28.946	139.668	0.000	0.000	0.000	1.000	0.000	0.000	1.000	0.000
2410.000	0.000	129.615	0.000	28.938	138.169	0.000	0.000	0.000	1.000	0.000	0.000	1.000	0.000
2415.000	0.000	128.387	0.000	28.923	136.619	30.414	0.000	0.000	1.000	0.000	0.000	1.000	0.000
2420.000	0.000	127.107	0.000	28.920	135.111	100.000	0.000	0.000	1.000	0.000	0.000	1.000	0.000
2425.000	0.000	126.624	1.277	28.888	135.211	100.000	0.000	0.000	1.000	0.000	0.000	1.000	0.000
2430.000	0.000	126.782	1.336	28.863	136.409	100.000	0.000	0.000	1.000	0.000	0.000	1.000	0.000
2435.000	0.000	127.519	1.340	28.872	137.648	100.000	0.000	0.000	1.000	0.000	0.000	1.000	0.000
2440.000	0.000	128.500	1.333	28.868	138.874	100.000	0.000	0.000	1.000	0.000	0.000	1.000	0.000
2445.000	0.000	129.435	1.333	28.877	140.128	100.000	0.000	0.000	1.000	0.000	0.000	1.000	0.000
2450.000	0.000	130.497	1.331	28.875	141.349	100.000	0.000	0.000	1.000	0.000	0.000	1.000	0.000
2455.000	0.000	131.695	1.331	28.875	142.563	65.290	0.000	0.000	1.000	0.000	0.000	1.000	0.000
2460.000	0.000	132.577	0.237	28.876	143.482	0.000	0.000	0.000	1.000	0.000	0.000	1.000	0.000
2465.000	0.000	132.195	0.000	28.874	141.985	0.000	0.000	0.000	1.000	0.000	0.000	1.000	0.000
2470.000	0.000	131.463	0.000	28.873	140.412	0.000	0.000	0.000	1.000	0.000	0.000	1.000	0.000
2475.000	0.000	130.193	0.000	28.861	138.893	0.000	0.000	0.000	1.000	0.000	0.000	1.000	0.000
2480.000	0.000	128.938	0.000	28.856	137.386	0.000	0.000	0.000	1.000	0.000	0.000	1.000	0.000
2485.000	0.000	127.682	0.000	28.844	135.853	81.305	0.000	0.000	1.000	0.000	0.000	1.000	0.000
2490.000	0.000	126.719	1.023	28.807	134.921	100.000	0.000	0.000	1.000	0.000	0.000	1.000	0.000
2495.000	0.000	126.746	1.348	28.774	136.015	100.000	0.000	0.000	1.000	0.000	0.000	1.000	0.000
2500.000	0.000	127.159	1.289	28.764	137.204	100.000	0.000	0.000	1.000	0.000	0.000	1.000	0.000
2505.000	0.000	127.982	1.335	28.772	138.421	100.000	0.000	0.000	1.000	0.000	0.000	1.000	0.000
2510.000	0.000	128.965	1.345	28.786	139.661	100.000	0.000	0.000	1.000	0.000	0.000	1.000	0.000
2515.000	0.000	130.046	1.351	28.793	140.910	100.000	0.000	0.000	1.000	0.000	0.000	1.000	0.000
2520.000	0.000	131.263	1.333	28.794	142.145	89.949	0.000	0.000	1.000	0.000	0.000	1.000	0.000
2525.000	0.000	132.389	1.226	28.789	143.373	7.597	0.000	0.000	1.000	0.000	0.000	1.000	0.000
2530.000	0.000	132.328	0.000	28.828	142.660	0.000	0.000	0.000	1.000	0.000	0.000	1.000	0.000
2535.000	0.000	131.798	0.000	28.823	141.084	0.000	0.000	0.000	1.000	0.000	0.000	1.000	0.000
2540.000	0.000	130.756	0.000	28.824	139.570	0.000	0.000	0.000	1.000	0.000	0.000	1.000	0.000
2545.000	0.000	129.407	0.000	28.839	138.099	0.000	0.000	0.000	1.000	0.000	0.000	1.000	0.000
2550.000	0.000	128.168	0.000	28.826	136.563	45.257	0.000	0.000	1.000	0.000	0.000	1.000	0.000
2555.000	0.000	126.970	0.370	28.780	135.071	100.000	0.000	0.000	1.000	0.000	0.000	1.000	0.000
2560.000	0.000	126.801	1.321	28.752	135.643	100.000	0.000	0.000	1.000	0.000	0.000	1.000	0.000
2565.000	0.000	127.006	1.273	28.742	136.817	100.000	0.000	0.000	1.000	0.000	0.000	1.000	0.000
2570.000	0.000	127.640	1.340	28.747	137.945	100.000	0.000	0.000	1.000	0.000	0.000	1.000	0.000
2575.000	0.000	128.610	1.339	28.748	139.163	100.000	0.000	0.000	1.000	0.000	0.000	1.000	0.000
2580.000	0.000	129.515	1.331	28.769	140.384	100.000	0.000	0.000	1.000	0.000	0.000	1.000	0.000
2585.000	0.000	130.612	1.332	28.774	141.615	100.000	0.000	0.000	1.000	0.000	0.000	1.000	0.000
2590.000	0.000	131.894	1.342	28.774	142.863	100.000	0.000	0.000	1.000	0.000	0.000	1.000	0.000
2595.000	0.000	132.918	1.337	28.781	144.084	100.000	0.000	0.000	1.000	0.000	0.000	1.000	0.000
2600.000	0.000	134.052	1.342	28.776	145.253	100.000	0.000	0.000	1.000	0.000	0.000	1.000	0.000
